Entry Time,Exit Time,Entry Price,Exit Price,PnL,Return [%],Duration,Status
2022-01-03 16:00:00+00:00,2022-01-03 17:00:00+00:00,3781.155313,3747.984058,79.73899212276206,0.8,0 days 01:00:00,Closed
2022-01-04 11:00:00+00:00,2022-01-04 18:00:00+00:00,3804.4952756412454,3839.698654976169,-102.91435301260871,-1.01,0 days 07:00:00,Closed
2022-01-05 07:00:00+00:00,2022-01-05 19:00:00+00:00,3816.2220488874837,3761.8597846386824,139.46827632244606,1.35,0 days 12:00:00,Closed
2022-01-07 00:00:00+00:00,2022-01-07 04:00:00+00:00,3402.7618062090273,3300.7644371564975,301.6123044418771,2.92,0 days 04:00:00,Closed
2022-01-09 09:00:00+00:00,2022-01-09 18:00:00+00:00,3105.120227600518,3164.0177325273858,-212.79303324599596,-1.98,0 days 09:00:00,Closed
2022-01-10 07:00:00+00:00,2022-01-10 10:00:00+00:00,3159.3413226159273,3146.0582972464167,35.15526094450908,0.34,0 days 03:00:00,Closed
2022-01-11 08:00:00+00:00,2022-01-11 16:00:00+00:00,3125.6622442294247,3132.547192314691,-31.867420816078344,-0.3,0 days 08:00:00,Closed
2022-01-12 05:00:00+00:00,2022-01-12 11:00:00+00:00,3225.4259812637874,3247.371884840232,-78.49463145661161,-0.76,0 days 06:00:00,Closed
2022-01-13 00:00:00+00:00,2022-01-13 05:00:00+00:00,3368.30814538691,3336.531757716242,89.35222987858013,0.86,0 days 05:00:00,Closed
2022-01-13 05:00:00+00:00,2022-01-13 15:00:00+00:00,3336.530659,3376.4867499999996,114.10908917301755,1.12,0 days 10:00:00,Closed
2022-01-14 04:00:00+00:00,2022-01-14 11:00:00+00:00,3266.649701,3221.8831450000002,-149.75983194862783,-1.45,0 days 07:00:00,Closed
2022-01-15 00:00:00+00:00,2022-01-15 01:00:00+00:00,3306.601683,3312.485956,9.964148275871558,0.1,0 days 01:00:00,Closed
2022-01-16 06:00:00+00:00,2022-01-16 11:00:00+00:00,3306.111536,3302.878839,-18.110841205812335,-0.18,0 days 05:00:00,Closed
2022-01-17 04:00:00+00:00,2022-01-17 17:00:00+00:00,3257.036818,3225.971918,-105.11080205404572,-1.03,0 days 13:00:00,Closed
2022-01-18 06:00:00+00:00,2022-01-18 09:00:00+00:00,3172.981609,3154.443383,-66.84228129986718,-0.66,0 days 03:00:00,Closed
2022-01-18 22:00:00+00:00,2022-01-19 03:00:00+00:00,3162.928594,3156.192858,-29.285922528808815,-0.29,0 days 05:00:00,Closed
2022-01-19 16:00:00+00:00,2022-01-20 14:00:00+00:00,3122.9366,3156.6627169999997,99.65415889671198,1.0,0 days 22:00:00,Closed
2022-01-20 21:00:00+00:00,2022-01-21 00:00:00+00:00,3184.8626121956936,3030.0556254791454,516.0039083620826,4.78,0 days 03:00:00,Closed
2022-01-23 08:00:00+00:00,2022-01-23 09:00:00+00:00,2486.54574,2516.5448100000003,119.1915049847297,1.13,0 days 01:00:00,Closed
2022-01-23 16:00:00+00:00,2022-01-23 20:00:00+00:00,2429.946705867704,2383.5568204999395,200.42672994825088,1.83,0 days 04:00:00,Closed
2022-01-24 03:00:00+00:00,2022-01-24 08:00:00+00:00,2435.680485,2384.224518,-239.01286692352113,-2.19,0 days 05:00:00,Closed
2022-01-24 21:00:00+00:00,2022-01-25 01:00:00+00:00,2464.5491429999997,2386.533825,-346.0371181728573,-3.24,0 days 04:00:00,Closed
2022-01-27 01:00:00+00:00,2022-01-27 04:00:00+00:00,2474.822455048377,2364.20905,488.2622143532001,4.39,0 days 03:00:00,Closed
2022-01-27 16:00:00+00:00,2022-01-28 00:00:00+00:00,2474.0594643551863,2408.783217808038,291.3446102095157,2.56,0 days 08:00:00,Closed
2022-01-28 13:00:00+00:00,2022-01-28 21:00:00+00:00,2374.9035679791377,2501.8963979215328,-632.8188309663173,-5.43,0 days 08:00:00,Closed
2022-01-29 10:00:00+00:00,2022-01-29 20:00:00+00:00,2547.433362341126,2589.355784720215,-189.42800703567528,-1.73,0 days 10:00:00,Closed
2022-01-30 09:00:00+00:00,2022-01-30 23:00:00+00:00,2604.4693713528704,2569.7960077302478,135.72916025793154,1.25,0 days 14:00:00,Closed
2022-01-31 12:00:00+00:00,2022-01-31 16:00:00+00:00,2557.627058,2601.9741735000002,172.15623404198254,1.65,0 days 04:00:00,Closed
2022-02-02 14:00:00+00:00,2022-02-02 15:00:00+00:00,2772.36804,2686.5257159999996,319.45789847778997,3.02,0 days 01:00:00,Closed
2022-02-02 22:00:00+00:00,2022-02-03 10:00:00+00:00,2652.375474,2616.7847290000004,-154.99057188055755,-1.42,0 days 12:00:00,Closed
2022-02-03 23:00:00+00:00,2022-02-04 01:00:00+00:00,2660.29785,2685.684053,93.94087639922724,0.87,0 days 02:00:00,Closed
2022-02-06 04:00:00+00:00,2022-02-06 15:00:00+00:00,3006.478344379519,2977.837802414786,96.45955433449694,0.87,0 days 11:00:00,Closed
2022-02-07 03:00:00+00:00,2022-02-07 05:00:00+00:00,3033.919903,3083.904551,171.41824428507223,1.57,0 days 02:00:00,Closed
2022-02-08 10:00:00+00:00,2022-02-08 15:00:00+00:00,3094.1479659999995,3067.489477,-104.58543543903656,-0.94,0 days 05:00:00,Closed
2022-02-09 04:00:00+00:00,2022-02-09 13:00:00+00:00,3075.4123469999995,3156.7799871725547,282.29508230129494,2.56,0 days 09:00:00,Closed
2022-02-10 14:00:00+00:00,2022-02-10 15:00:00+00:00,3126.407641,3166.519759,135.75192507348805,1.2,0 days 01:00:00,Closed
2022-02-11 04:00:00+00:00,2022-02-11 19:00:00+00:00,3080.994021,3003.4386980000004,-296.61370925602876,-2.6,0 days 15:00:00,Closed
2022-02-12 08:00:00+00:00,2022-02-12 14:00:00+00:00,2919.365547,2892.771908,-110.23486155758268,-0.99,0 days 06:00:00,Closed
2022-02-13 03:00:00+00:00,2022-02-13 12:00:00+00:00,2925.3073289999998,2928.9810420000003,5.016975782516701,0.05,0 days 09:00:00,Closed
2022-02-13 12:00:00+00:00,2022-02-13 17:00:00+00:00,2928.888736139148,2888.722646625894,144.57570712473463,1.29,0 days 05:00:00,Closed
2022-02-14 12:00:00+00:00,2022-02-14 14:00:00+00:00,2873.951927,2934.799296,227.41439174288234,2.04,0 days 02:00:00,Closed
2022-02-14 21:00:00+00:00,2022-02-15 01:00:00+00:00,2893.088203920521,2921.25679969073,-121.01322655283583,-1.05,0 days 04:00:00,Closed
2022-02-15 14:00:00+00:00,2022-02-15 23:00:00+00:00,3106.8760855219066,3125.710572957778,-79.84264228197156,-0.69,0 days 09:00:00,Closed
2022-02-16 12:00:00+00:00,2022-02-16 14:00:00+00:00,3133.522094500162,3073.711837,206.93283954169272,1.83,0 days 02:00:00,Closed
2022-02-16 21:00:00+00:00,2022-02-17 04:00:00+00:00,3148.284202,3081.635232,-250.3852148068339,-2.2,0 days 07:00:00,Closed
2022-02-17 17:00:00+00:00,2022-02-17 21:00:00+00:00,2980.954018,2897.4505040000004,-321.1566337116647,-2.88,0 days 04:00:00,Closed
2022-02-18 10:00:00+00:00,2022-02-18 14:00:00+00:00,2929.028445,2895.161191,-133.83468153103797,-1.24,0 days 04:00:00,Closed
2022-02-19 03:00:00+00:00,2022-02-19 11:00:00+00:00,2816.5847219999996,2776.636759,-160.1990996495873,-1.5,0 days 08:00:00,Closed
2022-02-20 00:00:00+00:00,2022-02-20 05:00:00+00:00,2762.72857,2683.6146740000004,-310.0151838155129,-2.94,0 days 05:00:00,Closed
2022-02-20 18:00:00+00:00,2022-02-20 21:00:00+00:00,2645.7934999999998,2623.282779,-95.14995502460471,-0.93,0 days 03:00:00,Closed
2022-02-21 10:00:00+00:00,2022-02-21 11:00:00+00:00,2711.756229,2679.373571,112.93372660868599,1.11,0 days 01:00:00,Closed
2022-02-22 12:00:00+00:00,2022-02-22 19:00:00+00:00,2587.9761599999997,2590.2227000000003,0.693718926328942,0.01,0 days 07:00:00,Closed
2022-02-23 20:00:00+00:00,2022-02-23 22:00:00+00:00,2631.2839015557033,2617.054881,47.57409488517882,0.46,0 days 02:00:00,Closed
2022-02-24 18:00:00+00:00,2022-02-24 20:00:00+00:00,2434.3600890000002,2593.501716,664.3183384406435,6.45,0 days 02:00:00,Closed
2022-02-27 01:00:00+00:00,2022-02-27 02:00:00+00:00,2745.686047,2681.264138,248.4246187999999,2.27,0 days 01:00:00,Closed
2022-02-27 09:00:00+00:00,2022-02-27 16:00:00+00:00,2741.832303,2806.767717,256.2865447674161,2.29,0 days 07:00:00,Closed
2022-02-27 23:00:00+00:00,2022-02-28 00:00:00+00:00,2627.1116300000003,2616.7747969999996,35.946838383482444,0.31,0 days 01:00:00,Closed
2022-02-28 14:00:00+00:00,2022-02-28 15:00:00+00:00,2617.1949229999996,2755.233182,596.9189167751631,5.19,0 days 01:00:00,Closed
2022-03-03 05:00:00+00:00,2022-03-03 15:00:00+00:00,2902.3604469999996,2885.993942,-77.8411964806707,-0.64,0 days 10:00:00,Closed
2022-03-04 04:00:00+00:00,2022-03-04 14:00:00+00:00,2725.097284,2719.3439519999997,-34.969510809908826,-0.29,0 days 10:00:00,Closed
2022-03-05 03:00:00+00:00,2022-03-05 12:00:00+00:00,2609.322562,2646.2059,159.6938710438362,1.33,0 days 09:00:00,Closed
2022-03-05 12:00:00+00:00,2022-03-06 10:00:00+00:00,2646.0795830599573,2610.952073401442,161.64806482862977,1.25,0 days 22:00:00,Closed
2022-03-06 17:00:00+00:00,2022-03-06 23:00:00+00:00,2645.443395,2627.461525,-93.42581050929626,-0.76,0 days 06:00:00,Closed
2022-03-07 12:00:00+00:00,2022-03-07 13:00:00+00:00,2537.611055,2557.522513,85.98759206318749,0.7,0 days 01:00:00,Closed
2022-03-08 02:00:00+00:00,2022-03-08 06:00:00+00:00,2521.9737334709416,2524.4353438824587,-21.98300195617633,-0.18,0 days 04:00:00,Closed
2022-03-08 13:00:00+00:00,2022-03-09 03:00:00+00:00,2574.2958026310407,2617.682575646329,-232.99238285115462,-1.77,0 days 14:00:00,Closed
2022-03-09 16:00:00+00:00,2022-03-10 02:00:00+00:00,2754.884452713998,2687.3529713479097,291.8281694255814,2.37,0 days 10:00:00,Closed
2022-03-10 15:00:00+00:00,2022-03-11 02:00:00+00:00,2594.138008,2561.601289,-164.4638865545487,-1.33,0 days 11:00:00,Closed
2022-03-11 15:00:00+00:00,2022-03-12 11:00:00+00:00,2609.7826999999997,2585.184212,-124.36409254172113,-1.02,0 days 20:00:00,Closed
2022-03-13 13:00:00+00:00,2022-03-13 22:00:00+00:00,2539.141514,2558.362261,81.48750152078132,0.68,0 days 09:00:00,Closed
2022-03-14 11:00:00+00:00,2022-03-14 13:00:00+00:00,2592.87763,2572.1781149999997,-106.44719182551705,-0.88,0 days 02:00:00,Closed
2022-03-14 20:00:00+00:00,2022-03-15 01:00:00+00:00,2535.770503,2562.695552290001,117.93675523603103,0.98,0 days 05:00:00,Closed
2022-03-15 14:00:00+00:00,2022-03-15 18:00:00+00:00,2533.379786,2584.1144615897906,233.22134844087674,1.92,0 days 04:00:00,Closed
2022-03-18 00:00:00+00:00,2022-03-18 14:00:00+00:00,2808.603860118254,2810.964176415438,-21.165488006664194,-0.16,0 days 14:00:00,Closed
2022-03-19 03:00:00+00:00,2022-03-19 22:00:00+00:00,2950.2292891451034,2950.3226850152787,-10.82941409567822,-0.08,0 days 19:00:00,Closed
2022-03-21 07:00:00+00:00,2022-03-21 08:00:00+00:00,2860.807985,2888.063321,107.6147177226013,0.87,0 days 01:00:00,Closed
2022-03-23 01:00:00+00:00,2022-03-23 16:00:00+00:00,2974.322029,3014.4753860000005,157.9715208069826,1.27,0 days 15:00:00,Closed
2022-03-23 23:00:00+00:00,2022-03-24 15:00:00+00:00,3003.6079640080684,3075.7479234348375,-332.38016847660685,-2.48,0 days 16:00:00,Closed
2022-03-25 04:00:00+00:00,2022-03-26 02:00:00+00:00,3134.0627279941623,3103.810884771367,116.53992276715458,0.89,0 days 22:00:00,Closed
2022-03-27 03:00:00+00:00,2022-03-27 16:00:00+00:00,3153.190161703115,3169.486454693615,-76.23623216844467,-0.6,0 days 13:00:00,Closed
2022-03-28 05:00:00+00:00,2022-03-28 13:00:00+00:00,3316.389410124974,3338.9891927681024,-94.22925967166157,-0.76,0 days 08:00:00,Closed
2022-03-29 02:00:00+00:00,2022-03-29 09:00:00+00:00,3386.2419204542284,3412.066319245532,-105.60859349305166,-0.84,0 days 07:00:00,Closed
2022-03-29 22:00:00+00:00,2022-03-30 02:00:00+00:00,3373.956570524111,3348.74862771356,82.09301972604877,0.67,0 days 04:00:00,Closed
2022-03-31 13:00:00+00:00,2022-03-31 16:00:00+00:00,3424.863029046406,3350.4802737348436,262.2402306637204,2.09,0 days 03:00:00,Closed
2022-04-01 13:00:00+00:00,2022-04-01 14:00:00+00:00,3307.39192,3346.845645,138.54475419701646,1.11,0 days 01:00:00,Closed
2022-04-02 18:00:00+00:00,2022-04-03 03:00:00+00:00,3471.742757114627,3432.2779998562314,139.58421088749958,1.06,0 days 09:00:00,Closed
2022-04-03 10:00:00+00:00,2022-04-03 16:00:00+00:00,3495.0481999999997,3497.190528,-2.3845769831202075,-0.02,0 days 06:00:00,Closed
2022-04-04 13:00:00+00:00,2022-04-04 16:00:00+00:00,3466.4696289999997,3422.37298,-172.05655881891553,-1.35,0 days 03:00:00,Closed
2022-04-05 14:00:00+00:00,2022-04-05 23:00:00+00:00,3476.502638,3441.46725,-136.5526421634279,-1.09,0 days 09:00:00,Closed
2022-04-06 12:00:00+00:00,2022-04-06 14:00:00+00:00,3304.7611309999998,3250.604526,-213.41290686148238,-1.72,0 days 02:00:00,Closed
2022-04-07 03:00:00+00:00,2022-04-07 14:00:00+00:00,3183.964903,3227.651414,157.67254227991896,1.29,0 days 11:00:00,Closed
2022-04-07 14:00:00+00:00,2022-04-08 02:00:00+00:00,3226.3390264840914,3246.3608111294952,-91.87339395318803,-0.7,0 days 12:00:00,Closed
2022-04-08 15:00:00+00:00,2022-04-08 23:00:00+00:00,3288.012690184384,3207.167277903969,303.8604117143654,2.38,0 days 08:00:00,Closed
2022-04-10 00:00:00+00:00,2022-04-10 17:00:00+00:00,3256.200979895829,3276.545468330984,-91.21673267262985,-0.71,0 days 17:00:00,Closed
2022-04-12 12:00:00+00:00,2022-04-13 03:00:00+00:00,3037.3341938172675,3039.060331534881,-17.946588137160205,-0.14,0 days 15:00:00,Closed
2022-04-13 16:00:00+00:00,2022-04-14 13:00:00+00:00,3091.487142722215,3087.309429905389,7.3551845356381005,0.06,0 days 21:00:00,Closed
2022-04-15 04:00:00+00:00,2022-04-15 09:00:00+00:00,3040.71194,3022.752902,-83.63662559466871,-0.67,0 days 05:00:00,Closed
2022-04-16 16:00:00+00:00,2022-04-16 22:00:00+00:00,3016.7347489999997,3047.88536,117.99744359040895,0.95,0 days 06:00:00,Closed
2022-04-17 02:00:00+00:00,2022-04-17 17:00:00+00:00,3056.506677,3051.039829657783,-32.375099481916166,-0.26,0 days 15:00:00,Closed
2022-04-18 00:00:00+00:00,2022-04-18 04:00:00+00:00,2986.915806,2992.282046,12.42631354971866,0.1,0 days 04:00:00,Closed
2022-04-18 17:00:00+00:00,2022-04-18 19:00:00+00:00,2926.857794,3012.276046,354.38378971400806,2.84,0 days 02:00:00,Closed
2022-04-20 15:00:00+00:00,2022-04-21 03:00:00+00:00,3095.181770695035,3089.3684352132113,14.51033883546259,0.11,0 days 12:00:00,Closed
2022-04-21 10:00:00+00:00,2022-04-21 12:00:00+00:00,3086.0739000000003,3149.3728084054624,-274.1749113502676,-2.13,0 days 02:00:00,Closed
2022-04-25 16:00:00+00:00,2022-04-25 19:00:00+00:00,2867.870103,2957.842381,384.5979830795279,3.06,0 days 03:00:00,Closed
2022-04-26 13:00:00+00:00,2022-04-26 15:00:00+00:00,2978.1031629999998,2893.8415870000003,-377.1832727351886,-2.91,0 days 02:00:00,Closed
2022-04-27 04:00:00+00:00,2022-04-27 10:00:00+00:00,2835.1371488515183,2892.112877849879,242.92039022815902,1.93,0 days 06:00:00,Closed
2022-04-27 17:00:00+00:00,2022-04-28 07:00:00+00:00,2878.4576905780086,2884.930042103658,-41.41780403764096,-0.3,0 days 14:00:00,Closed
2022-04-28 20:00:00+00:00,2022-04-29 08:00:00+00:00,2945.995513596742,2925.99261829736,79.77918098005594,0.6,0 days 12:00:00,Closed
2022-04-30 10:00:00+00:00,2022-04-30 15:00:00+00:00,2830.750154263506,2801.359161545092,124.15808645445742,0.96,0 days 05:00:00,Closed
2022-05-01 15:00:00+00:00,2022-05-01 17:00:00+00:00,2759.497601,2809.446913,224.77775844982486,1.73,0 days 02:00:00,Closed
2022-05-02 00:00:00+00:00,2022-05-02 13:00:00+00:00,2822.3196987752717,2796.379382812841,116.58995828494457,0.84,0 days 13:00:00,Closed
2022-05-04 09:00:00+00:00,2022-05-04 11:00:00+00:00,2841.5882310208335,2864.269023,-117.97137073457979,-0.88,0 days 02:00:00,Closed
2022-05-05 00:00:00+00:00,2022-05-05 10:00:00+00:00,2938.694422824043,2924.41919416921,54.88312351137369,0.41,0 days 10:00:00,Closed
2022-05-05 10:00:00+00:00,2022-05-05 14:00:00+00:00,2924.186993,2892.9118660000004,-152.55382587130558,-1.15,0 days 04:00:00,Closed
2022-05-06 03:00:00+00:00,2022-05-06 10:00:00+00:00,2745.2533289999997,2731.120418,-78.03258276134575,-0.59,0 days 07:00:00,Closed
2022-05-06 23:00:00+00:00,2022-05-07 21:00:00+00:00,2694.6181429999997,2672.8279110000003,-115.88666648028718,-0.89,0 days 22:00:00,Closed
2022-05-08 10:00:00+00:00,2022-05-08 17:00:00+00:00,2551.36518,2519.463934,-171.94491014798973,-1.33,0 days 07:00:00,Closed
2022-05-09 06:00:00+00:00,2022-05-09 10:00:00+00:00,2444.093008,2444.426452,-8.466326354855184,-0.07,0 days 04:00:00,Closed
2022-05-09 23:00:00+00:00,2022-05-10 12:00:00+00:00,2293.6040696482173,2343.1407662344723,266.9625750494302,2.08,0 days 13:00:00,Closed
2022-05-10 19:00:00+00:00,2022-05-11 12:00:00+00:00,2363.083548161272,2401.7480650757207,-270.0987560057309,-1.72,0 days 17:00:00,Closed
2022-05-11 16:00:00+00:00,2022-05-11 23:00:00+00:00,2253.2292508336964,2098.855050237603,955.8089276965205,6.77,0 days 07:00:00,Closed
2022-05-13 02:00:00+00:00,2022-05-13 04:00:00+00:00,2018.265298,2093.8016709999997,501.63148043244877,3.66,0 days 02:00:00,Closed
2022-05-14 05:00:00+00:00,2022-05-15 06:00:00+00:00,2023.0767409999999,2031.3904,46.98004331531696,0.33,1 days 01:00:00,Closed
2022-05-16 06:00:00+00:00,2022-05-16 07:00:00+00:00,2066.3799,2008.512373,387.8568734192849,2.72,0 days 01:00:00,Closed
2022-05-17 03:00:00+00:00,2022-05-17 04:00:00+00:00,2045.343419,2071.1584660000003,172.9626559051174,1.18,0 days 01:00:00,Closed
2022-05-18 12:00:00+00:00,2022-05-18 15:00:00+00:00,2030.759045,1974.7773889999999,-419.9639036932713,-2.84,0 days 03:00:00,Closed
2022-05-19 04:00:00+00:00,2022-05-19 16:00:00+00:00,1953.195783,2000.129781,334.14801209058925,2.32,0 days 12:00:00,Closed
2022-05-20 14:00:00+00:00,2022-05-20 16:00:00+00:00,2039.7908284676364,1960.377937,592.9704662316519,3.81,0 days 02:00:00,Closed
2022-05-21 07:00:00+00:00,2022-05-22 09:00:00+00:00,1970.4137591701792,1983.03599190526,-115.29418122194386,-0.72,1 days 02:00:00,Closed
2022-05-22 22:00:00+00:00,2022-05-23 07:00:00+00:00,2015.8838842822302,2056.53438535685,-324.4468158666397,-2.1,0 days 09:00:00,Closed
2022-05-25 02:00:00+00:00,2022-05-25 04:00:00+00:00,1986.135662,2012.8659590000002,188.25071988278924,1.27,0 days 02:00:00,Closed
2022-05-25 11:00:00+00:00,2022-05-25 12:00:00+00:00,1961.91125,1943.7929629999999,127.15080596954934,0.84,0 days 01:00:00,Closed
2022-05-28 11:00:00+00:00,2022-05-28 13:00:00+00:00,1761.3482459999998,1785.394221,195.1798785002495,1.28,0 days 02:00:00,Closed
2022-05-31 13:00:00+00:00,2022-05-31 18:00:00+00:00,1964.3659614203668,1963.2866275491244,-20.802819307965894,-0.13,0 days 05:00:00,Closed
2022-06-01 07:00:00+00:00,2022-06-01 14:00:00+00:00,1937.701136,1962.51107,184.3892065805183,1.2,0 days 07:00:00,Closed
2022-06-02 03:00:00+00:00,2022-06-02 11:00:00+00:00,1830.689042,1828.561267,-30.509726672683207,-0.2,0 days 08:00:00,Closed
2022-06-02 11:00:00+00:00,2022-06-02 22:00:00+00:00,1828.067973269112,1828.1716062190121,-13.567322968607588,-0.09,0 days 11:00:00,Closed
2022-06-04 18:00:00+00:00,2022-06-04 22:00:00+00:00,1774.4329407792238,1787.2634869802037,-125.47304618592626,-0.8,0 days 04:00:00,Closed
2022-06-05 11:00:00+00:00,2022-06-05 15:00:00+00:00,1779.5686125259208,1795.0409572045494,-147.16073807572616,-0.95,0 days 04:00:00,Closed
2022-06-06 04:00:00+00:00,2022-06-06 12:00:00+00:00,1876.4434187573584,1908.7162947404288,-278.0408770952472,-1.8,0 days 08:00:00,Closed
2022-06-07 16:00:00+00:00,2022-06-07 19:00:00+00:00,1780.176727539528,1806.9957647476406,-237.67664213769825,-1.59,0 days 03:00:00,Closed
2022-06-08 08:00:00+00:00,2022-06-10 00:00:00+00:00,1803.3660072199855,1791.7021077643778,99.64652372997287,0.57,1 days 16:00:00,Closed
2022-06-14 15:00:00+00:00,2022-06-14 16:00:00+00:00,1222.126528,1249.585012,320.96807576490164,2.17,0 days 01:00:00,Closed
2022-06-14 23:00:00+00:00,2022-06-15 04:00:00+00:00,1176.312788,1172.008292,-67.49240206391914,-0.45,0 days 05:00:00,Closed
2022-06-15 17:00:00+00:00,2022-06-15 18:00:00+00:00,1078.6635019999999,1113.245926,470.98475022762653,3.12,0 days 01:00:00,Closed
2022-06-16 12:00:00+00:00,2022-06-18 06:00:00+00:00,1110.523057,1077.226735,-478.2810309221039,-3.08,1 days 18:00:00,Closed
2022-06-18 19:00:00+00:00,2022-06-18 21:00:00+00:00,937.921292,902.989022,-572.9277760286254,-3.8,0 days 02:00:00,Closed
2022-06-21 19:00:00+00:00,2022-06-22 04:00:00+00:00,1140.2714347243864,1090.0591988313731,690.4048996675731,4.33,0 days 09:00:00,Closed
2022-06-23 11:00:00+00:00,2022-06-23 20:00:00+00:00,1108.2973567699914,1125.6245057174817,-265.3408254888793,-1.64,0 days 09:00:00,Closed
2022-06-24 09:00:00+00:00,2022-06-24 11:00:00+00:00,1158.01453876372,1163.098825,-78.98086328313408,-0.52,0 days 02:00:00,Closed
2022-06-25 00:00:00+00:00,2022-06-25 16:00:00+00:00,1222.2524425783547,1186.407547748532,474.6119745466303,2.85,0 days 16:00:00,Closed
2022-06-25 23:00:00+00:00,2022-06-26 03:00:00+00:00,1242.3726,1231.080565,-151.37632183203178,-0.99,0 days 04:00:00,Closed
2022-06-26 22:00:00+00:00,2022-06-27 02:00:00+00:00,1235.725444927506,1215.4228457175086,252.83600283505342,1.56,0 days 04:00:00,Closed
2022-06-27 09:00:00+00:00,2022-06-27 13:00:00+00:00,1232.3796029999999,1214.8654310000002,-231.3091151176018,-1.5,0 days 04:00:00,Closed
2022-06-28 02:00:00+00:00,2022-06-28 14:00:00+00:00,1171.118049088661,1212.5972413824838,525.9074349322842,3.46,0 days 12:00:00,Closed
2022-06-28 21:00:00+00:00,2022-06-29 00:00:00+00:00,1161.598375,1143.166947,-261.72584810394545,-1.67,0 days 03:00:00,Closed
2022-06-29 13:00:00+00:00,2022-06-30 06:00:00+00:00,1106.451836,1088.413378,-264.0943520488244,-1.71,0 days 17:00:00,Closed
2022-06-30 19:00:00+00:00,2022-06-30 23:00:00+00:00,1021.4863539999999,1022.6931000000001,5.783181876304668,0.04,0 days 04:00:00,Closed
2022-07-01 12:00:00+00:00,2022-07-01 15:00:00+00:00,1049.2249178347604,1057.2838864696337,-128.9263011167996,-0.85,0 days 03:00:00,Closed
2022-07-01 15:00:00+00:00,2022-07-02 17:00:00+00:00,1057.207067,1060.6817,37.429210146705174,0.25,1 days 02:00:00,Closed
2022-07-03 14:00:00+00:00,2022-07-04 02:00:00+00:00,1042.1654827701561,1066.2126556180697,337.12226532448665,2.23,0 days 12:00:00,Closed
2022-07-05 11:00:00+00:00,2022-07-05 13:00:00+00:00,1127.8448077815174,1093.557969,470.4641766107996,2.96,0 days 02:00:00,Closed
2022-07-05 20:00:00+00:00,2022-07-06 01:00:00+00:00,1146.473839,1143.176944,-58.443113740444566,-0.37,0 days 05:00:00,Closed
2022-07-06 14:00:00+00:00,2022-07-06 17:00:00+00:00,1141.122234,1144.536536,34.71743735412632,0.22,0 days 03:00:00,Closed
2022-07-08 13:00:00+00:00,2022-07-08 14:00:00+00:00,1210.366781,1198.869553,138.22406126117437,0.87,0 days 01:00:00,Closed
2022-07-08 14:00:00+00:00,2022-07-10 02:00:00+00:00,1198.869553,1209.976898,135.5421274493941,0.85,1 days 12:00:00,Closed
2022-07-10 15:00:00+00:00,2022-07-11 06:00:00+00:00,1159.4777390000002,1146.036086,-200.12976814881523,-1.24,0 days 15:00:00,Closed
2022-07-11 19:00:00+00:00,2022-07-11 22:00:00+00:00,1148.924574,1120.923622,-401.44989400462987,-2.52,0 days 03:00:00,Closed
2022-07-12 11:00:00+00:00,2022-07-12 19:00:00+00:00,1058.1273429999999,1060.701694,25.382680073018335,0.16,0 days 08:00:00,Closed
2022-07-13 08:00:00+00:00,2022-07-13 10:00:00+00:00,1069.040616,1072.7980639999998,42.27142343265574,0.27,0 days 02:00:00,Closed
2022-07-13 17:00:00+00:00,2022-07-14 14:00:00+00:00,1073.7756672211171,1086.1633835160544,-213.2798346103488,-1.23,0 days 21:00:00,Closed
2022-07-16 06:00:00+00:00,2022-07-16 09:00:00+00:00,1206.7137618361537,1198.269373,97.12478126244488,0.62,0 days 03:00:00,Closed
2022-07-20 17:00:00+00:00,2022-07-20 20:00:00+00:00,1556.7538738667859,1551.6280864998478,39.26354959472344,0.25,0 days 03:00:00,Closed
2022-07-21 16:00:00+00:00,2022-07-21 17:00:00+00:00,1510.673066,1556.93278,463.36989991006067,2.98,0 days 01:00:00,Closed
2022-07-22 16:00:00+00:00,2022-07-22 21:00:00+00:00,1572.4711886668383,1550.6449979673562,217.1806965851366,1.31,0 days 05:00:00,Closed
2022-07-24 00:00:00+00:00,2022-07-24 03:00:00+00:00,1548.474403,1564.850404,158.53568340105346,0.98,0 days 03:00:00,Closed
2022-07-25 02:00:00+00:00,2022-07-25 19:00:00+00:00,1544.86332,1509.74694,-385.3610944102889,-2.35,0 days 17:00:00,Closed
2022-07-26 08:00:00+00:00,2022-07-26 19:00:00+00:00,1408.912547,1370.038865,-454.0219039807226,-2.84,0 days 11:00:00,Closed
2022-07-29 11:00:00+00:00,2022-07-29 12:00:00+00:00,1720.08382,1681.514303,336.2812407966454,2.16,0 days 01:00:00,Closed
2022-07-29 19:00:00+00:00,2022-07-31 20:00:00+00:00,1723.696954,1716.6648460000001,-77.46381512999022,-0.49,2 days 01:00:00,Closed
2022-08-01 03:00:00+00:00,2022-08-01 11:00:00+00:00,1694.8182929999998,1656.0330410000001,-374.1360181410618,-2.37,0 days 08:00:00,Closed
2022-08-02 00:00:00+00:00,2022-08-02 02:00:00+00:00,1629.938835,1604.81841,-250.03331585770638,-1.62,0 days 02:00:00,Closed
2022-08-02 15:00:00+00:00,2022-08-02 17:00:00+00:00,1623.176807,1666.969759,397.2132212693416,2.62,0 days 02:00:00,Closed
2022-08-03 00:00:00+00:00,2022-08-03 09:00:00+00:00,1628.14086600752,1648.722395532318,-221.13288923942926,-1.34,0 days 09:00:00,Closed
2022-08-03 22:00:00+00:00,2022-08-04 00:00:00+00:00,1633.8481689997632,1617.8552109999998,140.21937730862484,0.9,0 days 02:00:00,Closed
2022-08-05 05:00:00+00:00,2022-08-05 11:00:00+00:00,1654.5410544676406,1669.1692278925748,-150.71075385180225,-0.96,0 days 06:00:00,Closed
2022-08-06 00:00:00+00:00,2022-08-06 14:00:00+00:00,1735.8405784805248,1711.440978807514,213.11487784649825,1.33,0 days 14:00:00,Closed
2022-08-06 14:00:00+00:00,2022-08-07 00:00:00+00:00,1711.153192,1689.333048,-210.74919615064826,-1.35,0 days 10:00:00,Closed
2022-08-07 13:00:00+00:00,2022-08-07 15:00:00+00:00,1707.6121299999998,1703.8986770000001,-45.63755440143396,-0.3,0 days 02:00:00,Closed
2022-08-07 15:00:00+00:00,2022-08-07 21:00:00+00:00,1703.8730575417635,1721.1860189944962,-169.66371880688953,-1.1,0 days 06:00:00,Closed
2022-08-08 10:00:00+00:00,2022-08-08 12:00:00+00:00,1767.66954,1789.1588098389195,-196.14888511261643,-1.3,0 days 02:00:00,Closed
2022-08-09 01:00:00+00:00,2022-08-09 10:00:00+00:00,1773.003475681931,1734.9751590801875,315.80404725943913,2.07,0 days 09:00:00,Closed
2022-08-10 12:00:00+00:00,2022-08-10 13:00:00+00:00,1706.5218029999999,1821.8832710000001,1018.3634944747787,6.68,0 days 01:00:00,Closed
2022-08-12 11:00:00+00:00,2022-08-12 18:00:00+00:00,1872.2461212821997,1898.3087503415943,-242.2719251671256,-1.47,0 days 07:00:00,Closed
2022-08-13 07:00:00+00:00,2022-08-14 17:00:00+00:00,2001.8139969957697,1965.785935006385,310.88709315963126,1.72,1 days 10:00:00,Closed
2022-08-15 02:00:00+00:00,2022-08-15 06:00:00+00:00,1972.9216989999998,1969.099093,-44.71210106350767,-0.27,0 days 04:00:00,Closed
2022-08-15 19:00:00+00:00,2022-08-17 06:00:00+00:00,1896.1286679999998,1922.892959,216.85179325821306,1.33,1 days 11:00:00,Closed
2022-08-17 15:00:00+00:00,2022-08-18 13:00:00+00:00,1823.226804,1877.416606,477.29512380316123,2.89,0 days 22:00:00,Closed
2022-08-18 23:00:00+00:00,2022-08-19 00:00:00+00:00,1865.24026,1846.413758,157.94821843667214,0.93,0 days 01:00:00,Closed
2022-08-21 10:00:00+00:00,2022-08-22 02:00:00+00:00,1615.5236348563817,1606.150842531958,89.58384577974489,0.5,0 days 16:00:00,Closed
2022-08-22 23:00:00+00:00,2022-08-23 00:00:00+00:00,1587.226025,1623.532794,380.2763268895422,2.21,0 days 01:00:00,Closed
2022-08-23 07:00:00+00:00,2022-08-23 14:00:00+00:00,1573.1636010318084,1633.7624941855568,-702.7254939726754,-3.93,0 days 07:00:00,Closed
2022-08-24 03:00:00+00:00,2022-08-24 12:00:00+00:00,1611.2231234570163,1649.869183443361,-431.35975922854385,-2.48,0 days 09:00:00,Closed
2022-08-25 01:00:00+00:00,2022-08-25 12:00:00+00:00,1667.7277012727868,1708.5734432790684,-427.57946383543197,-2.53,0 days 11:00:00,Closed
2022-08-26 01:00:00+00:00,2022-08-26 05:00:00+00:00,1673.866440993913,1682.3612604494592,-94.75114768830069,-0.59,0 days 04:00:00,Closed
2022-08-28 12:00:00+00:00,2022-08-28 23:00:00+00:00,1484.0169840813162,1464.5500486418978,205.61308675419997,1.23,0 days 11:00:00,Closed
2022-08-29 12:00:00+00:00,2022-08-29 14:00:00+00:00,1448.824517,1494.141623,492.4561420508654,3.05,0 days 02:00:00,Closed
2022-08-30 14:00:00+00:00,2022-08-30 18:00:00+00:00,1563.804670656617,1487.663877213037,841.5762607561726,4.79,0 days 04:00:00,Closed
2022-08-31 01:00:00+00:00,2022-08-31 05:00:00+00:00,1552.485606,1604.9483710000002,577.0578146880932,3.3,0 days 04:00:00,Closed
2022-08-31 15:00:00+00:00,2022-08-31 17:00:00+00:00,1565.6567309546729,1549.554727,172.87914754118543,0.95,0 days 02:00:00,Closed
2022-09-02 05:00:00+00:00,2022-09-02 12:00:00+00:00,1592.707624259901,1592.9763104808942,-17.982129150819258,-0.1,0 days 07:00:00,Closed
2022-09-03 01:00:00+00:00,2022-09-03 03:00:00+00:00,1575.7138237630527,1567.400079,81.95262218503042,0.45,0 days 02:00:00,Closed
2022-09-04 12:00:00+00:00,2022-09-04 13:00:00+00:00,1564.459197,1569.379045,42.91230722390192,0.23,0 days 01:00:00,Closed
2022-09-06 17:00:00+00:00,2022-09-06 19:00:00+00:00,1654.2432765652468,1572.681663,969.4686123039573,4.85,0 days 02:00:00,Closed
2022-09-07 17:00:00+00:00,2022-09-07 20:00:00+00:00,1552.3541539999999,1569.5342069840617,-229.41834351427437,-1.19,0 days 03:00:00,Closed
2022-09-08 09:00:00+00:00,2022-09-08 20:00:00+00:00,1622.3702740308045,1648.8647663260174,-342.5575119107834,-1.71,0 days 11:00:00,Closed
2022-09-09 09:00:00+00:00,2022-09-09 12:00:00+00:00,1705.2084967526387,1699.940068240215,43.51711582781828,0.23,0 days 03:00:00,Closed
2022-09-10 01:00:00+00:00,2022-09-10 21:00:00+00:00,1715.2961938730302,1733.327199717915,-224.12973260118218,-1.13,0 days 20:00:00,Closed
2022-09-11 10:00:00+00:00,2022-09-11 21:00:00+00:00,1757.9368276261123,1758.485442026765,-21.181828702329174,-0.11,0 days 11:00:00,Closed
2022-09-12 10:00:00+00:00,2022-09-12 15:00:00+00:00,1749.804784,1733.57977,-186.77258021066555,-1.01,0 days 05:00:00,Closed
2022-09-13 04:00:00+00:00,2022-09-13 12:00:00+00:00,1714.694254,1735.6191580000002,209.30900061451987,1.14,0 days 08:00:00,Closed
2022-09-14 01:00:00+00:00,2022-09-14 14:00:00+00:00,1570.471,1600.779622,343.425595040171,1.85,0 days 13:00:00,Closed
2022-09-14 14:00:00+00:00,2022-09-14 19:00:00+00:00,1600.3475461907292,1578.421635696841,250.67441940362173,1.29,0 days 05:00:00,Closed
2022-09-15 02:00:00+00:00,2022-09-15 07:00:00+00:00,1615.4048715901617,1604.8994588739681,112.90237576988457,0.57,0 days 05:00:00,Closed
2022-09-17 16:00:00+00:00,2022-09-17 17:00:00+00:00,1443.7930079999999,1465.2402960000002,270.8477071513432,1.4,0 days 01:00:00,Closed
2022-09-18 00:00:00+00:00,2022-09-18 10:00:00+00:00,1466.9689379386623,1424.3981669495683,570.6196249630691,2.82,0 days 10:00:00,Closed
2022-09-19 14:00:00+00:00,2022-09-19 17:00:00+00:00,1338.6914869999998,1350.214814,157.02640038157512,0.78,0 days 03:00:00,Closed
2022-09-19 17:00:00+00:00,2022-09-19 21:00:00+00:00,1349.4799981103233,1356.5375702930805,-126.39276497754024,-0.6,0 days 04:00:00,Closed
2022-09-20 10:00:00+00:00,2022-09-20 12:00:00+00:00,1351.414454,1355.9760227977063,-84.17293726870597,-0.42,0 days 02:00:00,Closed
2022-09-21 12:00:00+00:00,2022-09-21 17:00:00+00:00,1349.3479236981352,1341.027896210964,109.82108014411556,0.54,0 days 05:00:00,Closed
2022-09-22 12:00:00+00:00,2022-09-22 18:00:00+00:00,1307.040338225753,1281.2836610585432,383.6433473781197,1.89,0 days 06:00:00,Closed
2022-09-23 07:00:00+00:00,2022-09-23 14:00:00+00:00,1339.8730998399278,1291.2192597512499,767.6776152642367,3.55,0 days 07:00:00,Closed
2022-09-24 04:00:00+00:00,2022-09-25 18:00:00+00:00,1320.4160741087346,1303.0814256048418,297.6971794312673,1.23,1 days 14:00:00,Closed
2022-09-26 20:00:00+00:00,2022-09-27 01:00:00+00:00,1329.0261639437888,1342.1760565475026,-235.83754538624115,-1.07,0 days 05:00:00,Closed
2022-09-27 14:00:00+00:00,2022-09-27 16:00:00+00:00,1386.9637860000003,1365.19332637699,318.7876870627092,1.49,0 days 02:00:00,Closed
2022-09-28 14:00:00+00:00,2022-09-28 17:00:00+00:00,1309.942865,1328.211417,285.2497962280064,1.31,0 days 03:00:00,Closed
2022-09-28 17:00:00+00:00,2022-09-29 14:00:00+00:00,1328.214510336953,1303.8893839847908,424.3713591172267,1.75,0 days 21:00:00,Closed
2022-09-30 04:00:00+00:00,2022-09-30 14:00:00+00:00,1326.8213371954369,1335.9167616563363,-177.0276884426338,-0.77,0 days 10:00:00,Closed
2022-10-01 03:00:00+00:00,2022-10-01 05:00:00+00:00,1329.0211740000002,1328.8987041853495,-15.743384662060084,-0.07,0 days 02:00:00,Closed
2022-10-03 12:00:00+00:00,2022-10-03 14:00:00+00:00,1298.729502,1296.700873,-52.4802437719713,-0.24,0 days 02:00:00,Closed
2022-10-05 11:00:00+00:00,2022-10-05 13:00:00+00:00,1345.263458,1331.2505050000002,-248.59882001061553,-1.12,0 days 02:00:00,Closed
2022-10-07 05:00:00+00:00,2022-10-07 12:00:00+00:00,1351.925456,1353.683773,10.963485408232202,0.05,0 days 07:00:00,Closed
2022-10-08 01:00:00+00:00,2022-10-08 21:00:00+00:00,1333.29987,1324.392563,-164.0244866479377,-0.75,0 days 20:00:00,Closed
2022-10-09 10:00:00+00:00,2022-10-09 12:00:00+00:00,1316.79492,1321.933301,67.50183940448328,0.31,0 days 02:00:00,Closed
2022-10-09 19:00:00+00:00,2022-10-10 00:00:00+00:00,1324.5064780526045,1322.9913907301473,7.638291687386348,0.03,0 days 05:00:00,Closed
2022-10-12 06:00:00+00:00,2022-10-12 09:00:00+00:00,1291.597363,1296.640891,67.79343822216615,0.31,0 days 03:00:00,Closed
2022-10-12 16:00:00+00:00,2022-10-13 04:00:00+00:00,1298.0633793235772,1286.548598618285,182.811110181044,0.81,0 days 12:00:00,Closed
2022-10-14 01:00:00+00:00,2022-10-14 17:00:00+00:00,1290.9391665977203,1306.8207751315872,-307.9279673831144,-1.31,0 days 16:00:00,Closed
2022-10-16 13:00:00+00:00,2022-10-16 19:00:00+00:00,1281.2433964135068,1282.875011159682,-45.42225762650987,-0.21,0 days 06:00:00,Closed
2022-10-17 08:00:00+00:00,2022-10-17 11:00:00+00:00,1311.0725672861417,1319.1708627433145,-152.4156047632102,-0.7,0 days 03:00:00,Closed
2022-10-18 00:00:00+00:00,2022-10-18 15:00:00+00:00,1330.1654692238785,1315.9405414375306,219.05816200651176,0.99,0 days 15:00:00,Closed
2022-10-20 10:00:00+00:00,2022-10-20 15:00:00+00:00,1295.98868,1304.948398,133.2698139669419,0.61,0 days 05:00:00,Closed
2022-10-20 22:00:00+00:00,2022-10-21 05:00:00+00:00,1283.7902136968548,1287.9200475176146,-88.69877416262047,-0.4,0 days 07:00:00,Closed
2022-10-21 23:00:00+00:00,2022-10-22 13:00:00+00:00,1300.4911525996033,1305.770996490971,-107.96959735847017,-0.49,0 days 14:00:00,Closed
2022-10-23 02:00:00+00:00,2022-10-23 12:00:00+00:00,1307.7164992540768,1306.7097210784807,-0.6549771973314247,-0.0,0 days 10:00:00,Closed
2022-10-23 19:00:00+00:00,2022-10-23 22:00:00+00:00,1328.641752131021,1336.5764290700938,-147.47255023298084,-0.68,0 days 03:00:00,Closed
2022-10-24 11:00:00+00:00,2022-10-24 13:00:00+00:00,1349.055162,1349.064645641534,-17.432003474470427,-0.08,0 days 02:00:00,Closed
2022-10-24 13:00:00+00:00,2022-10-24 14:00:00+00:00,1349.044592,1347.125741,-47.94783223273089,-0.22,0 days 01:00:00,Closed
2022-10-25 03:00:00+00:00,2022-10-25 07:00:00+00:00,1340.682084,1346.775846,80.6062916673242,0.37,0 days 04:00:00,Closed
2022-10-27 20:00:00+00:00,2022-10-28 03:00:00+00:00,1558.9830794710208,1501.4768860114236,828.3797509502187,3.61,0 days 07:00:00,Closed
2022-10-28 16:00:00+00:00,2022-10-28 17:00:00+00:00,1537.691169,1566.209996,398.08741601272857,1.77,0 days 01:00:00,Closed
2022-10-30 13:00:00+00:00,2022-10-30 14:00:00+00:00,1598.510303,1585.7855929999998,163.62557690538972,0.72,0 days 01:00:00,Closed
2022-10-31 10:00:00+00:00,2022-10-31 13:00:00+00:00,1619.3158864003385,1617.5446645493303,6.780946854133427,0.03,0 days 03:00:00,Closed
2022-10-31 17:00:00+00:00,2022-11-01 00:00:00+00:00,1562.4297572854268,1572.377864838323,-168.1075108024207,-0.72,0 days 07:00:00,Closed
2022-11-01 07:00:00+00:00,2022-11-02 11:00:00+00:00,1592.691056113942,1569.1985308483988,352.6996160536895,1.4,1 days 04:00:00,Closed
2022-11-02 18:00:00+00:00,2022-11-02 20:00:00+00:00,1560.457997,1534.7694310000002,-400.2269691866369,-1.73,0 days 02:00:00,Closed
2022-11-03 09:00:00+00:00,2022-11-03 11:00:00+00:00,1543.4929089999998,1542.9969620000002,-25.55626369689223,-0.11,0 days 02:00:00,Closed
2022-11-05 15:00:00+00:00,2022-11-06 11:00:00+00:00,1628.998553,1627.7815190000001,-35.21832402780873,-0.15,0 days 20:00:00,Closed
2022-11-07 00:00:00+00:00,2022-11-07 21:00:00+00:00,1567.8902260000002,1593.9452770332277,359.44050668159906,1.58,0 days 21:00:00,Closed
2022-11-08 10:00:00+00:00,2022-11-08 14:00:00+00:00,1489.3066579999997,1461.151523,-454.85983083153167,-1.97,0 days 04:00:00,Closed
2022-11-09 03:00:00+00:00,2022-11-09 09:00:00+00:00,1293.908056,1262.52113,-567.026666313099,-2.5,0 days 06:00:00,Closed
2022-11-09 22:00:00+00:00,2022-11-10 12:00:00+00:00,1106.039902516044,1187.8297247618746,1626.4838423415006,7.31,0 days 14:00:00,Closed
2022-11-11 02:00:00+00:00,2022-11-11 05:00:00+00:00,1261.368248364311,1234.120125,511.9204072312674,2.08,0 days 03:00:00,Closed
2022-11-11 05:00:00+00:00,2022-11-12 20:00:00+00:00,1234.120125,1267.429657,633.773421055401,2.62,1 days 15:00:00,Closed
2022-11-13 07:00:00+00:00,2022-11-13 09:00:00+00:00,1248.004289,1229.920913,-379.68745729742164,-1.53,0 days 02:00:00,Closed
2022-11-13 22:00:00+00:00,2022-11-14 00:00:00+00:00,1217.515145,1220.4137660000001,38.6463240523054,0.16,0 days 02:00:00,Closed
2022-11-14 13:00:00+00:00,2022-11-14 15:00:00+00:00,1264.47923,1250.704676,-286.39686068718515,-1.17,0 days 02:00:00,Closed
2022-11-14 22:00:00+00:00,2022-11-14 23:00:00+00:00,1226.7318699999998,1219.525748,122.94149100471176,0.51,0 days 01:00:00,Closed
2022-11-15 08:00:00+00:00,2022-11-15 10:00:00+00:00,1265.8796499999999,1258.882222,-153.94893049415577,-0.63,0 days 02:00:00,Closed
2022-11-15 18:00:00+00:00,2022-11-16 10:00:00+00:00,1263.9150821381645,1232.104695897783,649.746564296541,2.44,0 days 16:00:00,Closed
2022-11-18 02:00:00+00:00,2022-11-18 04:00:00+00:00,1213.46393,1218.904219,91.42361299391564,0.37,0 days 02:00:00,Closed
2022-11-18 17:00:00+00:00,2022-11-19 23:00:00+00:00,1207.272073,1216.9398085,179.5759329635408,0.72,1 days 06:00:00,Closed
2022-11-20 10:00:00+00:00,2022-11-20 11:00:00+00:00,1207.057774,1196.3588,202.54215840167004,0.81,0 days 01:00:00,Closed
2022-11-22 13:00:00+00:00,2022-11-22 21:00:00+00:00,1098.1393429999998,1126.9118250000001,642.5545001810618,2.54,0 days 08:00:00,Closed
2022-11-25 02:00:00+00:00,2022-11-25 05:00:00+00:00,1191.6979483829143,1175.482539,335.8385640340678,1.28,0 days 03:00:00,Closed
2022-11-25 12:00:00+00:00,2022-11-25 20:00:00+00:00,1193.127831,1196.271011,48.18913299121523,0.18,0 days 08:00:00,Closed
2022-11-26 19:00:00+00:00,2022-11-27 13:00:00+00:00,1207.9722829999998,1213.485845,99.07723375576302,0.38,0 days 18:00:00,Closed
2022-11-27 23:00:00+00:00,2022-11-28 00:00:00+00:00,1215.395272,1193.607975,452.91107038098795,1.71,0 days 01:00:00,Closed
2022-11-29 02:00:00+00:00,2022-11-29 05:00:00+00:00,1176.992992,1196.8508370000002,431.90053215412956,1.61,0 days 03:00:00,Closed
2022-12-01 11:00:00+00:00,2022-12-01 15:00:00+00:00,1280.2439579999998,1278.946201,-49.53214167329461,-0.18,0 days 04:00:00,Closed
2022-12-02 04:00:00+00:00,2022-12-02 12:00:00+00:00,1271.4313149999998,1283.9397025000003,246.331941444101,0.9,0 days 08:00:00,Closed
2022-12-03 10:00:00+00:00,2022-12-03 21:00:00+00:00,1273.28187,1263.630797,-230.46792989907914,-0.84,0 days 11:00:00,Closed
2022-12-04 10:00:00+00:00,2022-12-04 13:00:00+00:00,1256.9969859999999,1256.2730050000002,-37.53372115140645,-0.14,0 days 03:00:00,Closed
2022-12-05 15:00:00+00:00,2022-12-05 16:00:00+00:00,1284.164635,1266.029695,363.15055757665647,1.33,0 days 01:00:00,Closed
2022-12-06 23:00:00+00:00,2022-12-07 01:00:00+00:00,1252.6756899999998,1267.7795520000002,310.660605710072,1.13,0 days 02:00:00,Closed
2022-12-08 11:00:00+00:00,2022-12-08 14:00:00+00:00,1233.0398010000001,1243.7667580000002,220.45014439082274,0.79,0 days 03:00:00,Closed
2022-12-09 19:00:00+00:00,2022-12-10 12:00:00+00:00,1268.610469,1265.32029,-95.46182957986878,-0.34,0 days 17:00:00,Closed
2022-12-11 22:00:00+00:00,2022-12-12 02:00:00+00:00,1264.849341,1256.2730050000002,-212.50991463799818,-0.76,0 days 04:00:00,Closed
2022-12-12 15:00:00+00:00,2022-12-12 18:00:00+00:00,1250.935168,1252.6940789999999,16.85225092077735,0.06,0 days 03:00:00,Closed
2022-12-12 18:00:00+00:00,2022-12-12 20:00:00+00:00,1252.6940789999999,1254.2462427055934,-56.84330116018888,-0.2,0 days 02:00:00,Closed
2022-12-13 09:00:00+00:00,2022-12-13 12:00:00+00:00,1264.000686,1286.4244578472867,-515.508555712378,-1.85,0 days 03:00:00,Closed
2022-12-14 01:00:00+00:00,2022-12-14 04:00:00+00:00,1325.0181180247096,1320.446015,72.89509107072156,0.27,0 days 03:00:00,Closed
2022-12-14 04:00:00+00:00,2022-12-14 08:00:00+00:00,1320.446015,1322.7330610000001,25.470905771742103,0.09,0 days 04:00:00,Closed
2022-12-14 18:00:00+00:00,2022-12-14 19:00:00+00:00,1334.619494,1333.2098429999999,7.026105062617905,0.03,0 days 01:00:00,Closed
2022-12-18 04:00:00+00:00,2022-12-18 05:00:00+00:00,1187.3661029999998,1190.132853,41.87228308585286,0.15,0 days 01:00:00,Closed
2022-12-18 12:00:00+00:00,2022-12-18 19:00:00+00:00,1181.334630921228,1179.6669350286393,17.01894421969108,0.06,0 days 07:00:00,Closed
2022-12-18 19:00:00+00:00,2022-12-19 16:00:00+00:00,1179.683799,1178.666294,-45.61056882075172,-0.17,0 days 21:00:00,Closed
2022-12-20 05:00:00+00:00,2022-12-20 06:00:00+00:00,1208.3724029999998,1207.6376,-38.56754606820445,-0.14,0 days 01:00:00,Closed
2022-12-21 05:00:00+00:00,2022-12-22 10:00:00+00:00,1206.491839,1217.874528,236.1038756479806,0.86,1 days 05:00:00,Closed
2022-12-22 20:00:00+00:00,2022-12-23 05:00:00+00:00,1194.828341,1222.613106,619.301602990573,2.24,0 days 09:00:00,Closed
2022-12-25 15:00:00+00:00,2022-12-25 19:00:00+00:00,1214.074113,1208.0974620000002,-161.39140392933604,-0.57,0 days 04:00:00,Closed
2022-12-26 08:00:00+00:00,2022-12-26 16:00:00+00:00,1219.5129087057085,1215.0231870594525,81.6623673632041,0.29,0 days 08:00:00,Closed
2022-12-26 23:00:00+00:00,2022-12-27 08:00:00+00:00,1218.375403,1221.1635410000001,41.84528867108658,0.15,0 days 09:00:00,Closed
2022-12-27 21:00:00+00:00,2022-12-28 03:00:00+00:00,1209.5027420000001,1205.268311,-121.13296056123019,-0.43,0 days 06:00:00,Closed
2022-12-28 16:00:00+00:00,2022-12-29 12:00:00+00:00,1189.106625,1198.0504770000002,188.4681540615979,0.67,0 days 20:00:00,Closed
2022-12-30 08:00:00+00:00,2022-12-30 22:00:00+00:00,1188.276376,1197.0957635,186.9253778450433,0.66,0 days 14:00:00,Closed
2023-01-01 04:00:00+00:00,2023-01-01 18:00:00+00:00,1194.408215,1198.320396,70.33244030351584,0.25,0 days 14:00:00,Closed
2023-01-03 14:00:00+00:00,2023-01-03 20:00:00+00:00,1215.3553257043654,1209.297833488579,121.45274007395693,0.42,0 days 06:00:00,Closed
2023-01-05 08:00:00+00:00,2023-01-06 11:00:00+00:00,1251.285273,1244.896419,-168.96149689190915,-0.59,1 days 03:00:00,Closed
2023-01-07 10:00:00+00:00,2023-01-08 15:00:00+00:00,1265.049401,1265.400266,-14.872604419047763,-0.05,1 days 05:00:00,Closed
2023-01-10 08:00:00+00:00,2023-01-10 21:00:00+00:00,1323.636972,1340.037868,329.44747519707306,1.16,0 days 13:00:00,Closed
2023-01-11 13:00:00+00:00,2023-01-11 15:00:00+00:00,1331.1105470000002,1332.4310048797292,-51.56283872950834,-0.18,0 days 02:00:00,Closed
2023-01-12 13:00:00+00:00,2023-01-12 14:00:00+00:00,1399.4600360000002,1405.7816079999998,-152.73936777016482,-0.53,0 days 01:00:00,Closed
2023-01-16 08:00:00+00:00,2023-01-16 18:00:00+00:00,1565.1167424505882,1561.7012407438615,41.44707482215355,0.14,0 days 10:00:00,Closed
2023-01-17 07:00:00+00:00,2023-01-17 10:00:00+00:00,1559.4820150000003,1565.53146563949,-133.8901603081092,-0.47,0 days 03:00:00,Closed
2023-01-17 19:00:00+00:00,2023-01-18 15:00:00+00:00,1594.4342086666636,1593.71707507979,-10.583449065925162,-0.04,0 days 20:00:00,Closed
2023-01-19 14:00:00+00:00,2023-01-19 20:00:00+00:00,1524.86200225168,1551.8048168699693,-529.7463504942385,-1.85,0 days 06:00:00,Closed
2023-01-20 09:00:00+00:00,2023-01-20 16:00:00+00:00,1551.1358109488972,1563.6451261630698,-249.95993312053508,-0.89,0 days 07:00:00,Closed
2023-01-21 05:00:00+00:00,2023-01-21 10:00:00+00:00,1650.6384650307907,1663.707158722427,-244.38836951677777,-0.87,0 days 05:00:00,Closed
2023-01-21 23:00:00+00:00,2023-01-22 03:00:00+00:00,1627.462374117976,1617.1987111847718,152.64999529669015,0.55,0 days 04:00:00,Closed
2023-01-22 14:00:00+00:00,2023-01-22 17:00:00+00:00,1633.209816,1637.00875,42.07267461195627,0.15,0 days 03:00:00,Closed
2023-01-23 00:00:00+00:00,2023-01-23 14:00:00+00:00,1627.7558384949655,1623.8523126782704,45.36270979032137,0.16,0 days 14:00:00,Closed
2023-01-24 05:00:00+00:00,2023-01-24 15:00:00+00:00,1636.380274732305,1624.7453935504593,177.39243022051136,0.63,0 days 10:00:00,Closed
2023-01-25 21:00:00+00:00,2023-01-25 22:00:00+00:00,1580.684063,1617.524597,626.5774200724621,2.25,0 days 01:00:00,Closed
2023-01-26 10:00:00+00:00,2023-01-26 15:00:00+00:00,1605.7852556293917,1605.9518396198705,-25.83444209820665,-0.09,0 days 05:00:00,Closed
2023-01-27 17:00:00+00:00,2023-01-27 18:00:00+00:00,1589.206619,1604.6684550000002,253.9418494026728,0.89,0 days 01:00:00,Closed
2023-01-28 14:00:00+00:00,2023-01-29 01:00:00+00:00,1573.5219149999998,1583.844704,165.27703914585013,0.58,0 days 11:00:00,Closed
2023-01-29 05:00:00+00:00,2023-01-29 11:00:00+00:00,1598.509409,1611.356448,208.84104291844278,0.72,0 days 06:00:00,Closed
2023-01-30 09:00:00+00:00,2023-01-30 10:00:00+00:00,1620.4537180000002,1588.586433,548.8862616698308,1.89,0 days 01:00:00,Closed
2023-01-31 13:00:00+00:00,2023-01-31 14:00:00+00:00,1573.741981,1587.22369,230.00983801442888,0.78,0 days 01:00:00,Closed
2023-01-31 21:00:00+00:00,2023-02-01 09:00:00+00:00,1586.0284418047474,1571.3574461417684,262.16113586002416,0.85,0 days 12:00:00,Closed
2023-02-01 20:00:00+00:00,2023-02-02 00:00:00+00:00,1617.1247170000001,1642.09387782038,-489.3990785845585,-1.62,0 days 04:00:00,Closed
2023-02-02 13:00:00+00:00,2023-02-02 15:00:00+00:00,1676.4796662453716,1657.0769739999998,320.7385462422967,1.08,0 days 02:00:00,Closed
2023-02-02 15:00:00+00:00,2023-02-02 19:00:00+00:00,1657.0769739999998,1690.5226910000001,580.3247250442114,1.94,0 days 04:00:00,Closed
2023-02-03 08:00:00+00:00,2023-02-03 23:00:00+00:00,1638.6497458199563,1664.1933949582337,452.3037663977417,1.48,0 days 15:00:00,Closed
2023-02-03 23:00:00+00:00,2023-02-04 13:00:00+00:00,1666.429429790668,1665.9164238278497,-15.646848279036247,-0.05,0 days 14:00:00,Closed
2023-02-05 02:00:00+00:00,2023-02-05 04:00:00+00:00,1665.1562664716741,1661.758378,38.64130550583115,0.12,0 days 02:00:00,Closed
2023-02-05 04:00:00+00:00,2023-02-05 12:00:00+00:00,1661.758378,1661.941268,-21.394177946125325,-0.07,0 days 08:00:00,Closed
2023-02-06 01:00:00+00:00,2023-02-06 17:00:00+00:00,1639.29164,1646.2209854999999,106.13537129519068,0.34,0 days 16:00:00,Closed
2023-02-07 00:00:00+00:00,2023-02-07 10:00:00+00:00,1613.5336672866651,1641.3369297225213,-565.1241677149535,-1.8,0 days 10:00:00,Closed
2023-02-07 23:00:00+00:00,2023-02-08 15:00:00+00:00,1664.4982726111555,1672.458859564056,-175.79531882495064,-0.56,0 days 16:00:00,Closed
2023-02-11 12:00:00+00:00,2023-02-11 22:00:00+00:00,1518.9252984815546,1534.0037023383268,-330.2939882432156,-1.07,0 days 10:00:00,Closed
2023-02-12 11:00:00+00:00,2023-02-12 13:00:00+00:00,1534.6523638225779,1525.407485,157.3440840283138,0.52,0 days 02:00:00,Closed
2023-02-14 06:00:00+00:00,2023-02-14 13:00:00+00:00,1500.4504881142439,1510.8226464493648,-236.5539274027733,-0.77,0 days 07:00:00,Closed
2023-02-15 02:00:00+00:00,2023-02-15 11:00:00+00:00,1547.9982766121377,1555.418813400552,-169.6887491261827,-0.56,0 days 09:00:00,Closed
2023-02-16 00:00:00+00:00,2023-02-16 15:00:00+00:00,1674.7573818499397,1681.729708536063,-153.27185307730798,-0.5,0 days 15:00:00,Closed
2023-02-17 07:00:00+00:00,2023-02-17 14:00:00+00:00,1657.877214,1659.971859,13.711772541039938,0.05,0 days 07:00:00,Closed
2023-02-18 11:00:00+00:00,2023-02-19 11:00:00+00:00,1688.036259,1695.141305,100.96842527415095,0.34,1 days 00:00:00,Closed
2023-02-19 20:00:00+00:00,2023-02-20 02:00:00+00:00,1684.3684269205799,1674.3593868423661,154.24760325042612,0.51,0 days 06:00:00,Closed
2023-02-20 10:00:00+00:00,2023-02-20 19:00:00+00:00,1711.3296646701572,1702.8983823587287,125.13791822893944,0.41,0 days 09:00:00,Closed
2023-02-21 08:00:00+00:00,2023-02-21 12:00:00+00:00,1702.6762897915726,1669.952425158352,574.2398726025692,1.84,0 days 04:00:00,Closed
2023-02-23 02:00:00+00:00,2023-02-23 05:00:00+00:00,1641.8123959999998,1670.4087270000002,508.05957268410856,1.66,0 days 03:00:00,Closed
2023-02-23 12:00:00+00:00,2023-02-23 19:00:00+00:00,1636.3214068251555,1645.672217475271,-205.9685106716306,-0.65,0 days 07:00:00,Closed
2023-02-26 09:00:00+00:00,2023-02-26 10:00:00+00:00,1599.989853,1603.498806,43.00395258362634,0.14,0 days 01:00:00,Closed
2023-02-27 16:00:00+00:00,2023-02-28 04:00:00+00:00,1642.5733578242234,1627.1356423514057,273.23309958698115,0.86,0 days 12:00:00,Closed
2023-03-01 03:00:00+00:00,2023-03-01 12:00:00+00:00,1621.503128089647,1652.579887447811,573.3433490355294,1.84,0 days 09:00:00,Closed
2023-03-01 19:00:00+00:00,2023-03-01 23:00:00+00:00,1653.4118844960885,1656.0335211674071,-77.61233096037188,-0.24,0 days 04:00:00,Closed
2023-03-02 12:00:00+00:00,2023-03-02 13:00:00+00:00,1643.456815,1635.170404,134.55129785783828,0.42,0 days 01:00:00,Closed
2023-03-05 01:00:00+00:00,2023-03-05 02:00:00+00:00,1570.2009189999999,1580.985562,193.09527743676685,0.61,0 days 01:00:00,Closed
2023-03-05 15:00:00+00:00,2023-03-06 02:00:00+00:00,1568.2303279999999,1560.341757,-186.66435497270453,-0.58,0 days 11:00:00,Closed
2023-03-06 15:00:00+00:00,2023-03-06 16:00:00+00:00,1571.07118,1576.62687,87.07984619187546,0.27,0 days 01:00:00,Closed
2023-03-07 16:00:00+00:00,2023-03-08 23:00:00+00:00,1560.5380209999998,1544.486515,-353.8197480282884,-1.11,1 days 07:00:00,Closed
2023-03-09 12:00:00+00:00,2023-03-09 18:00:00+00:00,1535.230431,1528.091435,-172.02547845398635,-0.54,0 days 06:00:00,Closed
2023-03-10 07:00:00+00:00,2023-03-10 10:00:00+00:00,1406.561842,1395.901104,-263.0351433853182,-0.84,0 days 03:00:00,Closed
2023-03-10 23:00:00+00:00,2023-03-11 01:00:00+00:00,1423.9970709999998,1434.389554,202.2571522432786,0.65,0 days 02:00:00,Closed
2023-03-11 08:00:00+00:00,2023-03-11 16:00:00+00:00,1415.4222849572532,1428.0745741316268,-309.37495394152654,-0.97,0 days 08:00:00,Closed
2023-03-12 14:00:00+00:00,2023-03-12 17:00:00+00:00,1457.7171839999999,1460.901598,42.93798585841766,0.14,0 days 03:00:00,Closed
2023-03-14 21:00:00+00:00,2023-03-15 05:00:00+00:00,1700.9707120469895,1704.2329083964232,-85.87717482743645,-0.27,0 days 08:00:00,Closed
2023-03-16 07:00:00+00:00,2023-03-16 19:00:00+00:00,1651.7786568991926,1661.1148718678592,-205.47230992303898,-0.65,0 days 12:00:00,Closed
2023-03-17 08:00:00+00:00,2023-03-17 10:00:00+00:00,1714.7729929020222,1720.155892,-121.73509495659619,-0.39,0 days 02:00:00,Closed
2023-03-17 23:00:00+00:00,2023-03-18 12:00:00+00:00,1772.556084901682,1813.4636923354171,-752.075657725896,-2.39,0 days 13:00:00,Closed
2023-03-19 12:00:00+00:00,2023-03-19 17:00:00+00:00,1784.73526,1803.8636784999999,296.51972879570275,0.99,0 days 05:00:00,Closed
2023-03-20 00:00:00+00:00,2023-03-20 07:00:00+00:00,1778.7344742066284,1758.120644801052,337.88358638397847,1.08,0 days 07:00:00,Closed
2023-03-21 12:00:00+00:00,2023-03-21 13:00:00+00:00,1760.998141,1804.05862,722.1573831747833,2.36,0 days 01:00:00,Closed
2023-03-22 19:00:00+00:00,2023-03-23 10:00:00+00:00,1771.981435,1753.563773,-349.8640215552753,-1.12,0 days 15:00:00,Closed
2023-03-24 08:00:00+00:00,2023-03-24 10:00:00+00:00,1813.6741454620994,1786.685845,445.1702940820892,1.41,0 days 02:00:00,Closed
2023-03-26 08:00:00+00:00,2023-03-26 09:00:00+00:00,1752.105474,1773.5277820000001,358.2076570382453,1.14,0 days 01:00:00,Closed
2023-03-26 20:00:00+00:00,2023-03-27 04:00:00+00:00,1764.4206006274883,1764.888363570738,-34.66607537185539,-0.11,0 days 08:00:00,Closed
2023-03-28 06:00:00+00:00,2023-03-28 12:00:00+00:00,1724.1370859999997,1744.3865270000001,346.637639084374,1.09,0 days 06:00:00,Closed
2023-03-29 23:00:00+00:00,2023-03-30 02:00:00+00:00,1790.0968679999999,1789.592961,-34.638785993858015,-0.11,0 days 03:00:00,Closed
2023-03-30 15:00:00+00:00,2023-03-31 07:00:00+00:00,1794.9816673476005,1800.3967439593177,70.98479570078035,0.22,0 days 16:00:00,Closed
2023-04-01 14:00:00+00:00,2023-04-01 16:00:00+00:00,1823.9604003973147,1820.275919,39.49017135752683,0.12,0 days 02:00:00,Closed
2023-04-03 08:00:00+00:00,2023-04-03 10:00:00+00:00,1794.5382,1808.327339,220.92902439191653,0.69,0 days 02:00:00,Closed
2023-04-03 10:00:00+00:00,2023-04-03 18:00:00+00:00,1807.944052126168,1800.5062148787965,110.45812280390398,0.33,0 days 08:00:00,Closed
2023-04-04 07:00:00+00:00,2023-04-04 11:00:00+00:00,1815.0180888105701,1832.0653930399137,-332.1160649976412,-1.02,0 days 04:00:00,Closed
2023-04-05 00:00:00+00:00,2023-04-05 15:00:00+00:00,1869.3373096809012,1898.253219627173,-532.9727437280434,-1.63,0 days 15:00:00,Closed
2023-04-05 15:00:00+00:00,2023-04-06 10:00:00+00:00,1897.1589769999998,1874.297542,-405.58749101009903,-1.28,0 days 19:00:00,Closed
2023-04-06 23:00:00+00:00,2023-04-07 01:00:00+00:00,1868.9105049999998,1880.255754,164.19983620723895,0.53,0 days 02:00:00,Closed
2023-04-08 03:00:00+00:00,2023-04-08 18:00:00+00:00,1865.1293709999998,1858.672231,-133.4985352757711,-0.43,0 days 15:00:00,Closed
2023-04-09 07:00:00+00:00,2023-04-09 21:00:00+00:00,1834.6302239999998,1846.5906420135805,178.3562904264569,0.57,0 days 14:00:00,Closed
2023-04-10 04:00:00+00:00,2023-04-10 16:00:00+00:00,1856.487417726886,1860.5323067872253,-95.11811672499493,-0.3,0 days 12:00:00,Closed
2023-04-11 05:00:00+00:00,2023-04-11 17:00:00+00:00,1918.1277992185726,1902.0806715049973,242.60210638116826,0.76,0 days 12:00:00,Closed
2023-04-12 13:00:00+00:00,2023-04-12 14:00:00+00:00,1881.3342309999998,1884.774398,32.40305779978138,0.1,0 days 01:00:00,Closed
2023-04-14 16:00:00+00:00,2023-04-15 06:00:00+00:00,2060.7162138892963,2089.6248300036027,418.7136953553783,1.32,0 days 14:00:00,Closed
2023-04-17 11:00:00+00:00,2023-04-17 12:00:00+00:00,2092.222145,2076.942896,208.05105574629243,0.65,0 days 01:00:00,Closed
2023-04-18 06:00:00+00:00,2023-04-18 23:00:00+00:00,2088.1565673457785,2094.872705092042,-134.34759707781467,-0.4,0 days 17:00:00,Closed
2023-04-20 14:00:00+00:00,2023-04-21 03:00:00+00:00,1970.0817092453694,1945.237610188382,383.68566161195264,1.18,0 days 13:00:00,Closed
2023-04-22 17:00:00+00:00,2023-04-23 12:00:00+00:00,1873.0750902916645,1874.156305576487,-45.71722942310026,-0.14,0 days 19:00:00,Closed
2023-04-25 21:00:00+00:00,2023-04-26 10:00:00+00:00,1858.6233428455373,1895.1660704084034,-675.5209514272628,-2.05,0 days 13:00:00,Closed
2023-04-26 23:00:00+00:00,2023-04-27 00:00:00+00:00,1863.290845,1865.589509,-64.51421727300723,-0.2,0 days 01:00:00,Closed
2023-04-27 13:00:00+00:00,2023-04-27 18:00:00+00:00,1874.9219113037163,1903.4845633007399,-507.7871300020449,-1.6,0 days 05:00:00,Closed
2023-04-28 07:00:00+00:00,2023-04-28 14:00:00+00:00,1914.1287200560057,1893.5547669120947,316.7744862966531,1.0,0 days 07:00:00,Closed
2023-04-29 05:00:00+00:00,2023-04-30 04:00:00+00:00,1899.8871947791406,1896.1197358307497,38.900743940164915,0.12,0 days 23:00:00,Closed
2023-04-30 16:00:00+00:00,2023-04-30 20:00:00+00:00,1918.350950631775,1911.0803686886686,94.53924869473839,0.3,0 days 04:00:00,Closed
2023-05-02 11:00:00+00:00,2023-05-02 14:00:00+00:00,1828.1659261757877,1828.3658835720837,-28.780392584129103,-0.09,0 days 03:00:00,Closed
2023-05-03 03:00:00+00:00,2023-05-03 13:00:00+00:00,1859.7585885261046,1850.0515938967417,141.37320158035516,0.44,0 days 10:00:00,Closed
2023-05-03 20:00:00+00:00,2023-05-03 23:00:00+00:00,1867.750157,1896.910756,469.4068877682293,1.48,0 days 03:00:00,Closed
2023-05-04 14:00:00+00:00,2023-05-05 09:00:00+00:00,1885.3454339999998,1894.5814550000002,131.8055150555141,0.41,0 days 19:00:00,Closed
2023-05-06 07:00:00+00:00,2023-05-06 08:00:00+00:00,1963.3688339999999,1957.5325639999999,-121.83044791415031,-0.38,0 days 01:00:00,Closed
2023-05-06 21:00:00+00:00,2023-05-07 05:00:00+00:00,1894.5381909999999,1893.63174,-41.137167533198415,-0.13,0 days 08:00:00,Closed
2023-05-07 05:00:00+00:00,2023-05-07 14:00:00+00:00,1893.6753917701437,1912.8611109140254,-353.85286198821615,-1.09,0 days 09:00:00,Closed
2023-05-09 08:00:00+00:00,2023-05-10 10:00:00+00:00,1846.7500139664544,1840.0627295772185,94.76356258153153,0.28,1 days 02:00:00,Closed
2023-05-10 17:00:00+00:00,2023-05-10 19:00:00+00:00,1869.4579286473393,1834.1600829999998,602.70707332758,1.81,0 days 02:00:00,Closed
2023-05-12 20:00:00+00:00,2023-05-12 21:00:00+00:00,1788.5932610000002,1787.466079,-5.508026685103177,-0.02,0 days 01:00:00,Closed
2023-05-13 10:00:00+00:00,2023-05-13 15:00:00+00:00,1805.9509906952987,1792.9391557668857,209.42174164458655,0.64,0 days 05:00:00,Closed
2023-05-14 14:00:00+00:00,2023-05-15 01:00:00+00:00,1809.3132649613885,1795.8235588937112,221.52726214950502,0.67,0 days 11:00:00,Closed
2023-05-15 14:00:00+00:00,2023-05-15 17:00:00+00:00,1822.423109,1833.8136530762065,-232.12608112738775,-0.71,0 days 03:00:00,Closed
2023-05-17 17:00:00+00:00,2023-05-18 02:00:00+00:00,1803.931017,1819.184081,250.05202373203164,0.77,0 days 09:00:00,Closed
2023-05-18 17:00:00+00:00,2023-05-19 08:00:00+00:00,1809.374499155779,1794.0320698512378,-306.2374711697039,-0.93,0 days 15:00:00,Closed
2023-05-21 10:00:00+00:00,2023-05-21 15:00:00+00:00,1815.220739803874,1811.9901253798505,32.26613914426874,0.1,0 days 05:00:00,Closed
2023-05-22 06:00:00+00:00,2023-05-22 13:00:00+00:00,1803.8309869999998,1808.947153,66.4550839891975,0.2,0 days 07:00:00,Closed
2023-05-23 18:00:00+00:00,2023-05-24 03:00:00+00:00,1849.514688,1844.636443,-112.44378025792508,-0.34,0 days 09:00:00,Closed
2023-05-24 16:00:00+00:00,2023-05-25 01:00:00+00:00,1793.03775,1791.1424960000002,-60.5391165792031,-0.19,0 days 09:00:00,Closed
2023-05-25 14:00:00+00:00,2023-05-25 17:00:00+00:00,1799.409661,1795.771107,-91.82475443893554,-0.28,0 days 03:00:00,Closed
2023-05-27 10:00:00+00:00,2023-05-27 13:00:00+00:00,1826.537797,1826.841783,-20.565066444935077,-0.06,0 days 03:00:00,Closed
2023-05-28 15:00:00+00:00,2023-05-28 18:00:00+00:00,1839.121571,1846.165984,98.23832531946246,0.3,0 days 03:00:00,Closed
2023-05-29 14:00:00+00:00,2023-05-29 15:00:00+00:00,1899.170078,1894.578203,52.66987461930712,0.16,0 days 01:00:00,Closed
2023-05-29 23:00:00+00:00,2023-05-30 07:00:00+00:00,1892.0493243286269,1899.7047767400882,105.75813231497258,0.32,0 days 08:00:00,Closed
2023-05-31 05:00:00+00:00,2023-06-01 02:00:00+00:00,1873.6516369786714,1872.5231024156276,-45.841441347456474,-0.14,0 days 21:00:00,Closed
2023-06-01 15:00:00+00:00,2023-06-01 16:00:00+00:00,1860.337934,1862.24116,7.268385133685655,0.02,0 days 01:00:00,Closed
2023-06-03 09:00:00+00:00,2023-06-03 15:00:00+00:00,1902.010432,1898.380315,-88.41778167573244,-0.27,0 days 06:00:00,Closed
2023-06-04 04:00:00+00:00,2023-06-04 10:00:00+00:00,1893.607912,1901.0445155,101.78517181949246,0.31,0 days 06:00:00,Closed
2023-06-04 17:00:00+00:00,2023-06-04 22:00:00+00:00,1896.302837106167,1901.9222229335228,-123.02120846652679,-0.38,0 days 05:00:00,Closed
2023-06-06 11:00:00+00:00,2023-06-06 14:00:00+00:00,1816.8774109747912,1817.1649859999998,-31.61426417150313,-0.1,0 days 03:00:00,Closed
2023-06-07 03:00:00+00:00,2023-06-07 10:00:00+00:00,1875.364331999307,1863.2793777272377,184.58464572305132,0.56,0 days 07:00:00,Closed
2023-06-07 17:00:00+00:00,2023-06-07 21:00:00+00:00,1840.131874,1840.397715,-21.435303027810118,-0.07,0 days 04:00:00,Closed
2023-06-08 10:00:00+00:00,2023-06-08 12:00:00+00:00,1839.061553,1842.2071720000001,29.726355651320983,0.09,0 days 02:00:00,Closed
2023-06-09 05:00:00+00:00,2023-06-10 03:00:00+00:00,1837.6511299999997,1827.9814410000001,-198.18542445621043,-0.61,0 days 22:00:00,Closed
2023-06-10 16:00:00+00:00,2023-06-10 17:00:00+00:00,1737.22101,1731.98025,-124.02961215334429,-0.38,0 days 01:00:00,Closed
2023-06-11 06:00:00+00:00,2023-06-11 09:00:00+00:00,1756.2467159999999,1747.605561,-185.17157068526834,-0.57,0 days 03:00:00,Closed
2023-06-11 09:00:00+00:00,2023-06-11 19:00:00+00:00,1747.5109819211896,1756.8967430589303,-202.52046378437376,-0.62,0 days 10:00:00,Closed
2023-06-12 08:00:00+00:00,2023-06-12 11:00:00+00:00,1735.469203,1747.720276002381,-251.5706820676614,-0.79,0 days 03:00:00,Closed
2023-06-13 06:00:00+00:00,2023-06-13 18:00:00+00:00,1747.840867551379,1738.4748457550775,148.63554148616095,0.46,0 days 12:00:00,Closed
2023-06-14 13:00:00+00:00,2023-06-14 17:00:00+00:00,1744.3814461953518,1738.0427726357136,90.92348528884833,0.28,0 days 04:00:00,Closed
2023-06-15 20:00:00+00:00,2023-06-16 17:00:00+00:00,1667.5607704141273,1685.2094753593901,-374.21530498237564,-1.14,0 days 21:00:00,Closed
2023-06-17 06:00:00+00:00,2023-06-17 20:00:00+00:00,1757.9076861344718,1731.428162650013,464.7702461871595,1.43,0 days 14:00:00,Closed
2023-06-18 15:00:00+00:00,2023-06-18 20:00:00+00:00,1739.4664231605198,1741.1526854718124,-57.27464788043957,-0.18,0 days 05:00:00,Closed
2023-06-19 20:00:00+00:00,2023-06-20 18:00:00+00:00,1723.997044,1755.7081295,563.0545949447853,1.76,0 days 22:00:00,Closed
2023-06-22 14:00:00+00:00,2023-06-22 15:00:00+00:00,1897.5905520000001,1871.791369,417.0917082832317,1.28,0 days 01:00:00,Closed
2023-06-22 22:00:00+00:00,2023-06-23 16:00:00+00:00,1879.6437239999998,1899.5399669999997,322.7290725404397,0.98,0 days 18:00:00,Closed
2023-06-23 23:00:00+00:00,2023-06-24 08:00:00+00:00,1889.317721156769,1882.7951102593574,90.19162719063146,0.27,0 days 09:00:00,Closed
2023-06-25 06:00:00+00:00,2023-06-25 21:00:00+00:00,1910.617886867974,1900.343425201881,156.91408404167538,0.46,0 days 15:00:00,Closed
2023-06-27 07:00:00+00:00,2023-06-27 16:00:00+00:00,1867.9321032844314,1871.1664582635447,-85.50830229815658,-0.25,0 days 09:00:00,Closed
2023-06-28 05:00:00+00:00,2023-06-28 07:00:00+00:00,1866.3799180000003,1860.2518182691863,83.19712948746397,0.25,0 days 02:00:00,Closed
2023-06-29 09:00:00+00:00,2023-06-29 10:00:00+00:00,1848.5043849999997,1857.002732,127.39181290946206,0.38,0 days 01:00:00,Closed
2023-06-29 17:00:00+00:00,2023-06-30 01:00:00+00:00,1849.332229443883,1849.79301935926,-35.657996720914795,-0.1,0 days 08:00:00,Closed
2023-06-30 08:00:00+00:00,2023-06-30 13:00:00+00:00,1886.2791618670117,1906.9863343521138,-398.66387883822824,-1.18,0 days 05:00:00,Closed
2023-06-30 17:00:00+00:00,2023-07-02 03:00:00+00:00,1898.4263561286368,1920.1759365098867,-427.1099328355667,-1.23,1 days 10:00:00,Closed
2023-07-02 22:00:00+00:00,2023-07-02 23:00:00+00:00,1921.6763299999996,1941.727307,316.14556223714163,0.96,0 days 01:00:00,Closed
2023-07-04 06:00:00+00:00,2023-07-04 19:00:00+00:00,1952.375537,1948.435294,-93.38314259894953,-0.28,0 days 13:00:00,Closed
2023-07-05 08:00:00+00:00,2023-07-05 10:00:00+00:00,1936.720842,1920.483682,-303.4347416070386,-0.92,0 days 02:00:00,Closed
2023-07-05 23:00:00+00:00,2023-07-06 06:00:00+00:00,1908.6624269999998,1920.533667,177.40616614906992,0.54,0 days 07:00:00,Closed
2023-07-06 06:00:00+00:00,2023-07-06 08:00:00+00:00,1920.533667,1924.812460073997,-99.80689358472166,-0.3,0 days 02:00:00,Closed
2023-07-07 14:00:00+00:00,2023-07-08 05:00:00+00:00,1871.4897529954155,1860.5844373287198,169.45031358478877,0.5,0 days 15:00:00,Closed
2023-07-09 10:00:00+00:00,2023-07-09 12:00:00+00:00,1865.5301729999996,1868.6399411973678,-81.42946159601452,-0.25,0 days 02:00:00,Closed
2023-07-10 01:00:00+00:00,2023-07-10 02:00:00+00:00,1852.8539770000002,1852.365543,-17.653179444016796,-0.05,0 days 01:00:00,Closed
2023-07-10 15:00:00+00:00,2023-07-10 18:00:00+00:00,1868.6592339999997,1867.9312547934487,-13.497928372405946,-0.04,0 days 03:00:00,Closed
2023-07-11 07:00:00+00:00,2023-07-11 10:00:00+00:00,1884.8673975112563,1870.871093,219.64698717504908,0.66,0 days 03:00:00,Closed
2023-07-12 01:00:00+00:00,2023-07-12 12:00:00+00:00,1876.1008072809395,1890.4662001222405,-282.4137795272678,-0.85,0 days 11:00:00,Closed
2023-07-13 10:00:00+00:00,2023-07-13 15:00:00+00:00,1881.5364242854093,1882.1158060331936,-36.50517613123898,-0.11,0 days 05:00:00,Closed
2023-07-14 04:00:00+00:00,2023-07-14 15:00:00+00:00,2008.1042494844196,1998.8929994964967,128.2671030702932,0.38,0 days 11:00:00,Closed
2023-07-14 15:00:00+00:00,2023-07-14 17:00:00+00:00,1998.869481,1990.3527150000002,-166.5058038339387,-0.51,0 days 02:00:00,Closed
2023-07-15 06:00:00+00:00,2023-07-15 09:00:00+00:00,1929.1185619999999,1937.258648,111.92182752814259,0.34,0 days 03:00:00,Closed
2023-07-15 09:00:00+00:00,2023-07-15 22:00:00+00:00,1937.1838487872728,1930.5547305892417,87.75003965518664,0.26,0 days 13:00:00,Closed
2023-07-16 18:00:00+00:00,2023-07-16 23:00:00+00:00,1935.9214542391237,1933.180929666222,20.487517531164386,0.06,0 days 05:00:00,Closed
2023-07-19 00:00:00+00:00,2023-07-19 07:00:00+00:00,1897.0389409999998,1908.857171,178.91683845884373,0.54,0 days 07:00:00,Closed
2023-07-19 15:00:00+00:00,2023-07-19 21:00:00+00:00,1898.779463,1897.1506840000002,-54.93601598966224,-0.17,0 days 06:00:00,Closed
2023-07-20 10:00:00+00:00,2023-07-20 11:00:00+00:00,1918.37534,1918.6342370000002,-22.00793741760726,-0.07,0 days 01:00:00,Closed
2023-07-20 18:00:00+00:00,2023-07-21 00:00:00+00:00,1888.8623936797205,1891.179136433578,-67.60284083366778,-0.2,0 days 06:00:00,Closed
2023-07-23 15:00:00+00:00,2023-07-23 16:00:00+00:00,1872.1581840000001,1873.8119749999998,-55.56846965196648,-0.17,0 days 01:00:00,Closed
2023-07-24 05:00:00+00:00,2023-07-24 09:00:00+00:00,1869.8340438345178,1869.7035490919811,-24.11404579596949,-0.07,0 days 04:00:00,Closed
2023-07-25 09:00:00+00:00,2023-07-25 14:00:00+00:00,1854.466173,1863.4408,132.91777651928874,0.4,0 days 05:00:00,Closed
2023-07-27 15:00:00+00:00,2023-07-27 19:00:00+00:00,1868.6260540813453,1859.007535,144.3610014970239,0.43,0 days 04:00:00,Closed
2023-07-28 10:00:00+00:00,2023-07-28 13:00:00+00:00,1867.870193,1871.1484870000002,31.683756103130985,0.1,0 days 03:00:00,Closed
2023-07-29 11:00:00+00:00,2023-07-29 21:00:00+00:00,1869.980826,1878.1529654081853,118.57661299188729,0.36,0 days 10:00:00,Closed
2023-07-30 09:00:00+00:00,2023-07-30 11:00:00+00:00,1873.9362493094386,1874.552197,-37.68238892575387,-0.11,0 days 02:00:00,Closed
2023-07-31 13:00:00+00:00,2023-07-31 15:00:00+00:00,1871.3007298721147,1860.85809,160.63031592511265,0.48,0 days 02:00:00,Closed
2023-08-01 19:00:00+00:00,2023-08-01 23:00:00+00:00,1852.1662042457854,1851.445267,-13.78636815647623,-0.04,0 days 04:00:00,Closed
2023-08-02 12:00:00+00:00,2023-08-02 14:00:00+00:00,1858.591711299937,1852.375546,85.64659105972471,0.25,0 days 02:00:00,Closed
2023-08-03 15:00:00+00:00,2023-08-03 21:00:00+00:00,1847.4437546210565,1844.5415220160517,-79.52028052939681,-0.24,0 days 06:00:00,Closed
2023-08-04 10:00:00+00:00,2023-08-04 16:00:00+00:00,1837.9712260000001,1842.0142235187766,46.809178739609784,0.14,0 days 06:00:00,Closed
2023-08-04 23:00:00+00:00,2023-08-05 05:00:00+00:00,1827.2189822444145,1829.7303298750571,-73.19736087635135,-0.22,0 days 06:00:00,Closed
2023-08-05 18:00:00+00:00,2023-08-06 14:00:00+00:00,1834.2901219999999,1827.971444,-141.88488429115034,-0.42,0 days 20:00:00,Closed
2023-08-07 15:00:00+00:00,2023-08-07 16:00:00+00:00,1828.541273,1817.965226,166.0314241238583,0.5,0 days 01:00:00,Closed
2023-08-08 06:00:00+00:00,2023-08-08 13:00:00+00:00,1833.7620346016383,1845.277023050996,-238.09044162344804,-0.71,0 days 07:00:00,Closed
2023-08-09 02:00:00+00:00,2023-08-09 12:00:00+00:00,1857.4940360604446,1862.7841517112745,-122.24222249241272,-0.36,0 days 10:00:00,Closed
2023-08-10 01:00:00+00:00,2023-08-10 03:00:00+00:00,1856.219572433939,1852.9257109999999,32.334861101295054,0.1,0 days 02:00:00,Closed
2023-08-10 03:00:00+00:00,2023-08-10 14:00:00+00:00,1852.9257109999999,1862.651037,147.3272590502568,0.44,0 days 11:00:00,Closed
2023-08-11 03:00:00+00:00,2023-08-11 15:00:00+00:00,1843.973026,1851.8142890000001,114.8395444339017,0.35,0 days 12:00:00,Closed
2023-08-12 04:00:00+00:00,2023-08-12 08:00:00+00:00,1847.794172,1849.205072,-1.227149074732612,-0.0,0 days 04:00:00,Closed
2023-08-13 23:00:00+00:00,2023-08-14 13:00:00+00:00,1838.9163238905107,1845.9937541781671,101.80687259294797,0.3,0 days 14:00:00,Closed
2023-08-14 20:00:00+00:00,2023-08-15 19:00:00+00:00,1842.5425970000001,1839.138093,-88.6624070259822,-0.26,0 days 23:00:00,Closed
2023-08-16 08:00:00+00:00,2023-08-16 16:00:00+00:00,1826.937917,1819.364027,-165.1649384660885,-0.49,0 days 08:00:00,Closed
2023-08-17 05:00:00+00:00,2023-08-17 09:00:00+00:00,1798.6794419999999,1791.602358,-157.33496417434998,-0.47,0 days 04:00:00,Closed
2023-08-17 22:00:00+00:00,2023-08-18 12:00:00+00:00,1618.8955230000001,1684.59447,1315.6561369472738,3.98,0 days 14:00:00,Closed
2023-08-18 12:00:00+00:00,2023-08-18 15:00:00+00:00,1684.4580757366411,1663.508903,406.34281624564346,1.16,0 days 03:00:00,Closed
2023-08-19 15:00:00+00:00,2023-08-19 16:00:00+00:00,1662.6486449999998,1681.885283,374.69496572291246,1.08,0 days 01:00:00,Closed
2023-08-19 23:00:00+00:00,2023-08-20 06:00:00+00:00,1665.1245736578883,1664.6966188302756,-19.31626793482738,-0.05,0 days 07:00:00,Closed
2023-08-20 13:00:00+00:00,2023-08-20 20:00:00+00:00,1676.00265,1676.916774,-8.959041523966244,-0.03,0 days 07:00:00,Closed
2023-08-21 10:00:00+00:00,2023-08-21 11:00:00+00:00,1669.708937,1666.789887,33.360650012194796,0.09,0 days 01:00:00,Closed
2023-08-23 12:00:00+00:00,2023-08-23 15:00:00+00:00,1641.0882403170497,1652.052921047298,-264.54501115619104,-0.75,0 days 03:00:00,Closed
2023-08-24 04:00:00+00:00,2023-08-24 10:00:00+00:00,1674.1939233225417,1666.972515815617,123.23015483562918,0.35,0 days 06:00:00,Closed
2023-08-26 05:00:00+00:00,2023-08-26 17:00:00+00:00,1651.677042967547,1648.1263091581075,47.68453980135461,0.14,0 days 12:00:00,Closed
2023-08-27 15:00:00+00:00,2023-08-28 05:00:00+00:00,1656.2130960730485,1649.8478583664505,109.64744824969411,0.3,0 days 14:00:00,Closed
2023-08-29 00:00:00+00:00,2023-08-29 14:00:00+00:00,1651.9244259909206,1645.306186557447,114.78408823000996,0.32,0 days 14:00:00,Closed
2023-08-29 21:00:00+00:00,2023-08-30 07:00:00+00:00,1725.1346268651769,1717.679466603958,126.68050038476582,0.35,0 days 10:00:00,Closed
2023-08-30 07:00:00+00:00,2023-08-30 13:00:00+00:00,1717.565115,1716.414921,-52.079835523063,-0.15,0 days 06:00:00,Closed
2023-08-31 02:00:00+00:00,2023-08-31 12:00:00+00:00,1699.259625,1708.1224095000002,156.20095997727645,0.44,0 days 10:00:00,Closed
2023-09-02 08:00:00+00:00,2023-09-03 20:00:00+00:00,1630.2212266102365,1638.4392824027962,-214.37966418750523,-0.58,1 days 12:00:00,Closed
2023-09-04 09:00:00+00:00,2023-09-04 17:00:00+00:00,1637.812568014369,1629.0151846707147,163.45529715567994,0.46,0 days 08:00:00,Closed
2023-09-05 12:00:00+00:00,2023-09-06 16:00:00+00:00,1633.9781180896866,1627.817755906524,109.56462710958616,0.3,1 days 04:00:00,Closed
2023-09-06 23:00:00+00:00,2023-09-07 23:00:00+00:00,1631.259231,1643.2965060979589,234.1493329413217,0.66,1 days 00:00:00,Closed
2023-09-08 10:00:00+00:00,2023-09-08 12:00:00+00:00,1634.1770336295551,1625.707566,158.7876492431659,0.44,0 days 02:00:00,Closed
2023-09-08 20:00:00+00:00,2023-09-09 02:00:00+00:00,1634.1901100000002,1634.6994430000002,-17.583506775328733,-0.05,0 days 06:00:00,Closed
2023-09-09 14:00:00+00:00,2023-09-10 04:00:00+00:00,1631.069174,1629.7309340000002,-58.294061665855914,-0.16,0 days 14:00:00,Closed
2023-09-10 17:00:00+00:00,2023-09-11 00:00:00+00:00,1613.3579988274862,1615.986071279116,29.776286649103938,0.08,0 days 07:00:00,Closed
2023-09-11 13:00:00+00:00,2023-09-11 14:00:00+00:00,1593.97805,1587.12372,-183.3003480400044,-0.51,0 days 01:00:00,Closed
2023-09-12 03:00:00+00:00,2023-09-12 10:00:00+00:00,1557.0169649999998,1587.833507,679.0459639683799,1.9,0 days 07:00:00,Closed
2023-09-13 06:00:00+00:00,2023-09-13 22:00:00+00:00,1584.249447157415,1599.0421165481755,311.6115676097828,0.85,0 days 16:00:00,Closed
2023-09-15 11:00:00+00:00,2023-09-15 18:00:00+00:00,1628.6051891016236,1618.8527615203407,194.40869606729194,0.52,0 days 07:00:00,Closed
2023-09-16 13:00:00+00:00,2023-09-17 00:00:00+00:00,1636.700863,1633.189896,-108.80256636389144,-0.29,0 days 11:00:00,Closed
2023-09-17 13:00:00+00:00,2023-09-17 18:00:00+00:00,1631.169204,1618.8941860000002,-306.63419582433124,-0.83,0 days 05:00:00,Closed
2023-09-18 07:00:00+00:00,2023-09-18 11:00:00+00:00,1628.7384749999999,1642.0822275000005,269.997930400073,0.74,0 days 04:00:00,Closed
2023-09-18 23:00:00+00:00,2023-09-19 02:00:00+00:00,1640.5563192273064,1632.759681,147.55041432798808,0.4,0 days 03:00:00,Closed
2023-09-19 15:00:00+00:00,2023-09-19 16:00:00+00:00,1644.943335,1655.813107,214.5416134938205,0.58,0 days 01:00:00,Closed
2023-09-20 06:00:00+00:00,2023-09-20 09:00:00+00:00,1633.8300019999997,1636.268972,25.729135608593126,0.07,0 days 03:00:00,Closed
2023-09-20 22:00:00+00:00,2023-09-21 10:00:00+00:00,1625.8476079999998,1609.1171199999999,-412.3626614100161,-1.11,0 days 12:00:00,Closed
2023-09-21 23:00:00+00:00,2023-09-22 04:00:00+00:00,1585.465497,1593.4418240000002,155.55488774111504,0.42,0 days 05:00:00,Closed
2023-09-22 04:00:00+00:00,2023-09-23 16:00:00+00:00,1593.3621936979578,1590.3903443445768,40.90695129935909,0.11,1 days 12:00:00,Closed
2023-09-25 15:00:00+00:00,2023-09-25 18:00:00+00:00,1575.622545,1591.312463,338.5144208547049,0.92,0 days 03:00:00,Closed
2023-09-27 17:00:00+00:00,2023-09-28 02:00:00+00:00,1597.045252951516,1607.0939506827735,-266.7947250537479,-0.71,0 days 09:00:00,Closed
2023-09-28 09:00:00+00:00,2023-09-28 10:00:00+00:00,1615.975062,1619.405676,-108.34268538626215,-0.29,0 days 01:00:00,Closed
2023-09-28 23:00:00+00:00,2023-09-29 07:00:00+00:00,1649.0766716868563,1658.6510502935548,-245.73630474080554,-0.66,0 days 08:00:00,Closed
2023-09-29 20:00:00+00:00,2023-09-29 22:00:00+00:00,1664.10062,1665.4893154348113,-60.001146842008175,-0.16,0 days 02:00:00,Closed
2023-09-29 22:00:00+00:00,2023-09-30 08:00:00+00:00,1665.4794940000002,1670.568679,82.59907848287517,0.23,0 days 10:00:00,Closed
2023-09-30 23:00:00+00:00,2023-10-01 09:00:00+00:00,1673.5563671997925,1678.787995329564,-144.99457343655882,-0.39,0 days 10:00:00,Closed
2023-10-01 22:00:00+00:00,2023-10-02 16:00:00+00:00,1678.4712735872847,1711.582761771954,-780.371072351528,-2.05,0 days 18:00:00,Closed
2023-10-04 23:00:00+00:00,2023-10-05 15:00:00+00:00,1648.364361,1640.517697,-198.96492469366208,-0.56,0 days 16:00:00,Closed
2023-10-06 04:00:00+00:00,2023-10-06 08:00:00+00:00,1624.077077,1629.850898,98.02319604149221,0.28,0 days 04:00:00,Closed
2023-10-06 15:00:00+00:00,2023-10-06 21:00:00+00:00,1633.058870672977,1646.007432768587,-313.3317539530706,-0.87,0 days 06:00:00,Closed
2023-10-07 10:00:00+00:00,2023-10-08 05:00:00+00:00,1638.5514179999998,1632.120217,-167.11937131960505,-0.47,0 days 19:00:00,Closed
2023-10-08 18:00:00+00:00,2023-10-09 02:00:00+00:00,1631.8294019999998,1630.1608050000002,-64.16495191499371,-0.18,0 days 08:00:00,Closed
2023-10-10 07:00:00+00:00,2023-10-10 14:00:00+00:00,1588.8575124915428,1577.0268484175933,235.56200568447923,0.66,0 days 07:00:00,Closed
2023-10-13 07:00:00+00:00,2023-10-13 20:00:00+00:00,1539.039076243073,1545.8573623456887,-190.9632683226656,-0.52,0 days 13:00:00,Closed
2023-10-14 09:00:00+00:00,2023-10-14 11:00:00+00:00,1546.63587,1548.213889992558,-64.08564868950428,-0.18,0 days 02:00:00,Closed
2023-10-14 21:00:00+00:00,2023-10-15 18:00:00+00:00,1554.4248134900108,1557.564014154667,-100.67052591475866,-0.28,0 days 21:00:00,Closed
2023-10-16 07:00:00+00:00,2023-10-16 13:00:00+00:00,1576.9419219085273,1587.0097700956908,-252.61989719894473,-0.72,0 days 06:00:00,Closed
2023-10-17 02:00:00+00:00,2023-10-17 13:00:00+00:00,1592.6772452200087,1579.077400622474,274.49529379799094,0.77,0 days 11:00:00,Closed
2023-10-18 04:00:00+00:00,2023-10-18 09:00:00+00:00,1567.8802230000001,1576.356951,161.39095286095906,0.46,0 days 05:00:00,Closed
2023-10-18 22:00:00+00:00,2023-10-19 01:00:00+00:00,1557.4092277749867,1566.0247310077698,-223.3774821270598,-0.63,0 days 03:00:00,Closed
2023-10-19 16:00:00+00:00,2023-10-20 02:00:00+00:00,1559.903242893628,1564.9309967276126,-142.67758892186075,-0.4,0 days 10:00:00,Closed
2023-10-20 15:00:00+00:00,2023-10-21 00:00:00+00:00,1604.0968858741073,1603.6895522219863,-19.223248143091126,-0.05,0 days 09:00:00,Closed
2023-10-21 00:00:00+00:00,2023-10-21 15:00:00+00:00,1603.630945,1616.464915,250.75860323577822,0.72,0 days 15:00:00,Closed
2023-10-24 17:00:00+00:00,2023-10-26 07:00:00+00:00,1782.5245969999999,1813.065917,572.7290146561982,1.63,1 days 14:00:00,Closed
2023-10-26 22:00:00+00:00,2023-10-27 07:00:00+00:00,1800.720054,1795.201278,-137.74034243027089,-0.39,0 days 09:00:00,Closed
2023-10-27 14:00:00+00:00,2023-10-27 19:00:00+00:00,1791.7325797274848,1769.0840240400557,430.7072545939665,1.18,0 days 05:00:00,Closed
2023-10-28 08:00:00+00:00,2023-10-29 06:00:00+00:00,1787.4931337140674,1781.1631243992717,101.90156947224074,0.27,0 days 22:00:00,Closed
2023-10-29 13:00:00+00:00,2023-10-29 22:00:00+00:00,1799.0555765262618,1793.3753872387933,86.3902737534118,0.24,0 days 09:00:00,Closed
2023-10-30 11:00:00+00:00,2023-10-30 21:00:00+00:00,1813.767796899734,1808.2588141204124,82.00589607352714,0.22,0 days 10:00:00,Closed
2023-11-01 20:00:00+00:00,2023-11-02 11:00:00+00:00,1836.6811314330057,1837.2117278203489,-41.32549895202112,-0.11,0 days 15:00:00,Closed
2023-11-02 11:00:00+00:00,2023-11-02 14:00:00+00:00,1835.690542,1823.962647,-259.9495031981263,-0.72,0 days 03:00:00,Closed
2023-11-03 03:00:00+00:00,2023-11-03 15:00:00+00:00,1797.7491630000002,1805.738116,130.7992164199025,0.36,0 days 12:00:00,Closed
2023-11-03 15:00:00+00:00,2023-11-04 02:00:00+00:00,1805.858512490991,1834.8317100307859,-618.3360527903146,-1.69,0 days 11:00:00,Closed
2023-11-04 15:00:00+00:00,2023-11-04 22:00:00+00:00,1832.3436638950154,1843.0041870371583,-235.75110512647296,-0.66,0 days 07:00:00,Closed
2023-11-05 11:00:00+00:00,2023-11-05 17:00:00+00:00,1888.1519139191541,1884.0587974947857,49.40914769954813,0.14,0 days 06:00:00,Closed
2023-11-06 06:00:00+00:00,2023-11-06 13:00:00+00:00,1874.397512,1906.7217814788255,-636.2115375233841,-1.81,0 days 07:00:00,Closed
2023-11-07 02:00:00+00:00,2023-11-07 10:00:00+00:00,1893.282871491868,1876.4038550061864,286.3415454680739,0.81,0 days 08:00:00,Closed
2023-11-07 18:00:00+00:00,2023-11-08 20:00:00+00:00,1874.26211,1899.469988,441.1522084122833,1.26,1 days 02:00:00,Closed
2023-11-10 14:00:00+00:00,2023-11-11 01:00:00+00:00,2076.1926710000002,2077.546549,-5.234779036553679,-0.01,0 days 11:00:00,Closed
2023-11-11 14:00:00+00:00,2023-11-11 17:00:00+00:00,2064.6192,2085.9440290000002,336.46168488052433,0.95,0 days 03:00:00,Closed
2023-11-12 00:00:00+00:00,2023-11-12 07:00:00+00:00,2053.5694343447267,2055.4646529139463,-62.687834466897755,-0.17,0 days 07:00:00,Closed
2023-11-12 15:00:00+00:00,2023-11-12 23:00:00+00:00,2058.287511513751,2063.344066699471,-117.17265748125172,-0.33,0 days 08:00:00,Closed
2023-11-13 12:00:00+00:00,2023-11-13 15:00:00+00:00,2047.7807249787027,2077.7060903935067,-549.6447671502345,-1.54,0 days 03:00:00,Closed
2023-11-14 04:00:00+00:00,2023-11-14 10:00:00+00:00,2056.3732475054057,2049.7796581266616,84.56506449862736,0.24,0 days 06:00:00,Closed
2023-11-15 12:00:00+00:00,2023-11-15 18:00:00+00:00,2013.3547542229458,2015.5124958404008,-66.39924370828528,-0.19,0 days 06:00:00,Closed
2023-11-16 07:00:00+00:00,2023-11-16 11:00:00+00:00,2062.255871425028,2040.5667868070718,346.1754344996629,0.97,0 days 04:00:00,Closed
2023-11-18 17:00:00+00:00,2023-11-18 18:00:00+00:00,1965.0693439999998,1964.920347,-30.912825440074236,-0.09,0 days 01:00:00,Closed
2023-11-20 14:00:00+00:00,2023-11-21 08:00:00+00:00,2017.3361163149102,2013.5124430571354,41.76529855348672,0.11,0 days 18:00:00,Closed
2023-11-22 08:00:00+00:00,2023-11-22 13:00:00+00:00,1994.568191,2021.4133940000002,446.7771528855701,1.27,0 days 05:00:00,Closed
2023-11-23 13:00:00+00:00,2023-11-24 09:00:00+00:00,2056.7412108866015,2079.2230369519607,-434.5716806710123,-1.17,0 days 20:00:00,Closed
2023-11-24 22:00:00+00:00,2023-11-25 06:00:00+00:00,2086.062195211699,2085.1765199699735,-13.498784031249462,-0.04,0 days 08:00:00,Closed
2023-11-28 13:00:00+00:00,2023-11-28 18:00:00+00:00,2023.5568850000002,2053.597257490076,495.6822881279852,1.4,0 days 05:00:00,Closed
2023-11-29 21:00:00+00:00,2023-11-30 23:00:00+00:00,2027.1679679999997,2042.357109,239.50802252003373,0.67,1 days 02:00:00,Closed
2023-12-05 07:00:00+00:00,2023-12-05 14:00:00+00:00,2228.6437234725454,2201.6437153918355,422.3326606752431,1.13,0 days 07:00:00,Closed
2023-12-06 11:00:00+00:00,2023-12-06 15:00:00+00:00,2275.6265376577458,2256.1066940613564,290.0166716444833,0.78,0 days 04:00:00,Closed
2023-12-06 22:00:00+00:00,2023-12-07 15:00:00+00:00,2248.9944960000003,2266.839744,262.11096799148976,0.71,0 days 17:00:00,Closed
2023-12-09 20:00:00+00:00,2023-12-09 22:00:00+00:00,2358.7359436563834,2356.796827,0.8330992477654799,0.0,0 days 02:00:00,Closed
2023-12-09 22:00:00+00:00,2023-12-10 09:00:00+00:00,2356.796827,2344.856332,-217.07790075926232,-0.59,0 days 11:00:00,Closed
2023-12-10 22:00:00+00:00,2023-12-11 01:00:00+00:00,2361.878351,2344.506437,-299.99501314955296,-0.82,0 days 03:00:00,Closed
2023-12-11 14:00:00+00:00,2023-12-11 18:00:00+00:00,2232.6695999999997,2205.258224,-477.138837419512,-1.31,0 days 04:00:00,Closed
2023-12-12 07:00:00+00:00,2023-12-12 09:00:00+00:00,2226.2776830000003,2235.509146,120.49288518010627,0.33,0 days 02:00:00,Closed
2023-12-12 09:00:00+00:00,2023-12-12 16:00:00+00:00,2235.0273386358604,2202.1585050071008,515.2527537200639,1.39,0 days 07:00:00,Closed
2023-12-13 15:00:00+00:00,2023-12-13 16:00:00+00:00,2190.4869489999996,2218.1143660000002,432.8361263387153,1.18,0 days 01:00:00,Closed
2023-12-14 13:00:00+00:00,2023-12-14 23:00:00+00:00,2301.244515566593,2315.795002116753,-276.8594422403451,-0.71,0 days 10:00:00,Closed
2023-12-15 12:00:00+00:00,2023-12-15 13:00:00+00:00,2273.627707,2262.058414,157.966220272617,0.43,0 days 01:00:00,Closed
2023-12-16 13:00:00+00:00,2023-12-17 01:00:00+00:00,2256.5389063572165,2229.8657768831035,419.3106709628216,1.1,0 days 12:00:00,Closed
2023-12-17 21:00:00+00:00,2023-12-17 22:00:00+00:00,2247.7854620000003,2242.602579,56.342424840813116,0.15,0 days 01:00:00,Closed
2023-12-18 20:00:00+00:00,2023-12-19 00:00:00+00:00,2176.0808953183896,2218.304634604577,696.5145419926633,1.86,0 days 04:00:00,Closed
2023-12-19 14:00:00+00:00,2023-12-19 16:00:00+00:00,2224.3999791355636,2193.507855,515.8523247387643,1.31,0 days 02:00:00,Closed
2023-12-20 04:00:00+00:00,2023-12-20 08:00:00+00:00,2188.1462469999997,2217.03469,479.2563644038877,1.24,0 days 04:00:00,Closed
2023-12-20 19:00:00+00:00,2023-12-20 20:00:00+00:00,2226.641807,2206.9418840000003,315.12983239961324,0.81,0 days 01:00:00,Closed
2023-12-21 11:00:00+00:00,2023-12-21 21:00:00+00:00,2245.7158122558635,2248.2693044663583,-77.6299964628998,-0.19,0 days 10:00:00,Closed
2023-12-22 10:00:00+00:00,2023-12-23 05:00:00+00:00,2315.7491837056427,2287.7796409871294,493.14576654589587,1.13,0 days 19:00:00,Closed
2023-12-23 12:00:00+00:00,2023-12-23 18:00:00+00:00,2289.6166789999997,2295.2112300000003,65.48284294937717,0.16,0 days 06:00:00,Closed
2023-12-24 05:00:00+00:00,2023-12-24 17:00:00+00:00,2309.0075752492826,2296.121704358672,197.32151782782728,0.48,0 days 12:00:00,Closed
2023-12-25 12:00:00+00:00,2023-12-25 13:00:00+00:00,2281.1541409999995,2301.0294839999997,317.4128161939293,0.79,0 days 01:00:00,Closed
2023-12-25 20:00:00+00:00,2023-12-26 03:00:00+00:00,2275.07159797356,2271.562364580515,30.64514680666785,0.07,0 days 07:00:00,Closed
2023-12-27 08:00:00+00:00,2023-12-27 10:00:00+00:00,2229.7808649999997,2253.598204521814,-464.9802369155107,-1.15,0 days 02:00:00,Closed
2023-12-27 23:00:00+00:00,2023-12-28 00:00:00+00:00,2365.810044,2381.034096,-289.637293910508,-0.72,0 days 01:00:00,Closed
2023-12-28 13:00:00+00:00,2023-12-28 14:00:00+00:00,2375.2872,2397.879148,-409.8053134855961,-1.03,0 days 01:00:00,Closed
2023-12-29 03:00:00+00:00,2023-12-29 16:00:00+00:00,2345.30338,2328.141348,-319.0310705931719,-0.81,0 days 13:00:00,Closed
2023-12-30 05:00:00+00:00,2023-12-31 17:00:00+00:00,2303.9909900000002,2305.6680920000003,-2.8225346947614955,-0.01,1 days 12:00:00,Closed
2024-01-01 18:00:00+00:00,2024-01-02 00:00:00+00:00,2315.2958269924097,2354.8631229860525,-701.7203331113075,-1.79,0 days 06:00:00,Closed
2024-01-02 13:00:00+00:00,2024-01-02 14:00:00+00:00,2389.342982,2401.650279,-227.97452188007378,-0.6,0 days 01:00:00,Closed
2024-01-03 03:00:00+00:00,2024-01-03 11:00:00+00:00,2371.291174,2365.59011,-121.9288045106032,-0.32,0 days 08:00:00,Closed
2024-01-04 00:00:00+00:00,2024-01-04 13:00:00+00:00,2211.053117,2236.1089660000002,399.4399014088234,1.05,0 days 13:00:00,Closed
2024-01-04 13:00:00+00:00,2024-01-04 15:00:00+00:00,2236.1089660000002,2274.5711146285867,-690.9836336011142,-1.8,0 days 02:00:00,Closed
2024-01-05 04:00:00+00:00,2024-01-05 05:00:00+00:00,2242.217133,2244.733218,-72.3944799808447,-0.19,0 days 01:00:00,Closed
2024-01-05 23:00:00+00:00,2024-01-06 06:00:00+00:00,2248.684403,2234.959311,-259.3357577948683,-0.69,0 days 07:00:00,Closed
2024-01-06 19:00:00+00:00,2024-01-06 21:00:00+00:00,2247.524055,2240.817553,-141.16985603962684,-0.38,0 days 02:00:00,Closed
2024-01-08 01:00:00+00:00,2024-01-08 03:00:00+00:00,2194.678206,2182.734983,-231.98164266538174,-0.62,0 days 02:00:00,Closed
2024-01-09 08:00:00+00:00,2024-01-09 09:00:00+00:00,2305.398173,2292.037405,184.66663102445338,0.5,0 days 01:00:00,Closed
2024-01-09 21:00:00+00:00,2024-01-10 01:00:00+00:00,2250.995096,2371.18843,1952.1299456101242,5.26,0 days 04:00:00,Closed
2024-01-12 05:00:00+00:00,2024-01-12 15:00:00+00:00,2595.658464,2676.4328257988855,1184.448875893048,3.03,0 days 10:00:00,Closed
2024-01-12 22:00:00+00:00,2024-01-12 23:00:00+00:00,2526.9816779999996,2500.609958,388.2143047049763,0.96,0 days 01:00:00,Closed
2024-01-13 13:00:00+00:00,2024-01-14 11:00:00+00:00,2543.175239468868,2544.772385978984,-60.528410076645685,-0.14,0 days 22:00:00,Closed
2024-01-15 11:00:00+00:00,2024-01-15 14:00:00+00:00,2536.850827,2538.398252,-7.723584567378246,-0.02,0 days 03:00:00,Closed
2024-01-15 14:00:00+00:00,2024-01-15 18:00:00+00:00,2537.7055426557085,2533.1178494609176,41.89908431756683,0.1,0 days 04:00:00,Closed
2024-01-16 07:00:00+00:00,2024-01-16 15:00:00+00:00,2534.354081104589,2536.1891825272546,-63.91999892057749,-0.15,0 days 08:00:00,Closed
2024-01-17 04:00:00+00:00,2024-01-17 10:00:00+00:00,2570.512440584119,2545.077192796813,376.1690376442642,0.91,0 days 06:00:00,Closed
2024-01-19 10:00:00+00:00,2024-01-19 16:00:00+00:00,2481.8862370666757,2464.913827413802,252.6962426216189,0.6,0 days 06:00:00,Closed
2024-01-19 20:00:00+00:00,2024-01-20 10:00:00+00:00,2492.3323739623042,2467.5058622782653,391.35543615829476,0.92,0 days 14:00:00,Closed
2024-01-21 03:00:00+00:00,2024-01-21 09:00:00+00:00,2478.123214,2473.507725,-110.68575541984795,-0.27,0 days 06:00:00,Closed
2024-01-22 00:00:00+00:00,2024-01-22 01:00:00+00:00,2457.757106,2461.501328,29.977707545831496,0.07,0 days 01:00:00,Closed
2024-01-22 14:00:00+00:00,2024-01-22 19:00:00+00:00,2388.536346,2367.039675,-406.5789642394812,-0.98,0 days 05:00:00,Closed
2024-01-23 08:00:00+00:00,2024-01-23 09:00:00+00:00,2324.257068,2293.121857,-583.1798463480561,-1.42,0 days 01:00:00,Closed
2024-01-23 22:00:00+00:00,2024-01-24 09:00:00+00:00,2202.940684,2234.9393170000003,555.8335494061777,1.37,0 days 11:00:00,Closed
2024-01-24 18:00:00+00:00,2024-01-24 21:00:00+00:00,2235.055601506167,2200.449937,615.7282768710771,1.47,0 days 03:00:00,Closed
2024-01-25 11:00:00+00:00,2024-01-25 18:00:00+00:00,2236.346788274978,2206.2372070804004,536.0376499746465,1.27,0 days 07:00:00,Closed
2024-01-26 07:00:00+00:00,2024-01-26 10:00:00+00:00,2211.591826213569,2206.107260827543,71.91983846350753,0.17,0 days 03:00:00,Closed
2024-01-26 23:00:00+00:00,2024-01-28 04:00:00+00:00,2265.9933557774825,2285.9119989391247,-424.3199911458711,-0.96,1 days 05:00:00,Closed
2024-01-28 17:00:00+00:00,2024-01-28 19:00:00+00:00,2272.908393758488,2261.038108,185.97604893935386,0.44,0 days 02:00:00,Closed
2024-01-29 16:00:00+00:00,2024-01-29 22:00:00+00:00,2275.6724969999996,2304.5684220000003,500.1388455494618,1.19,0 days 06:00:00,Closed
2024-01-31 07:00:00+00:00,2024-01-31 09:00:00+00:00,2331.969381,2337.538528,67.54296331912529,0.16,0 days 02:00:00,Closed
2024-01-31 22:00:00+00:00,2024-02-01 01:00:00+00:00,2278.743418,2281.7152800000003,21.466282896816164,0.05,0 days 03:00:00,Closed
2024-02-01 14:00:00+00:00,2024-02-01 16:00:00+00:00,2271.791333,2287.603513,262.5735035162598,0.62,0 days 02:00:00,Closed
2024-02-01 16:00:00+00:00,2024-02-03 01:00:00+00:00,2288.240403560088,2313.153265607404,-540.6314368246251,-1.17,1 days 09:00:00,Closed
2024-02-03 14:00:00+00:00,2024-02-03 16:00:00+00:00,2305.2981716522763,2303.520849,-1.2214627079956628,-0.0,0 days 02:00:00,Closed
2024-02-04 11:00:00+00:00,2024-02-04 19:00:00+00:00,2300.629982,2292.71198,-179.6361337153928,-0.42,0 days 08:00:00,Closed
2024-02-05 08:00:00+00:00,2024-02-05 10:00:00+00:00,2310.4329219999995,2319.6838860000003,135.0915594630816,0.32,0 days 02:00:00,Closed
2024-02-05 17:00:00+00:00,2024-02-05 23:00:00+00:00,2299.4994662222684,2294.5695938449235,57.759072004657696,0.13,0 days 06:00:00,Closed
2024-02-06 08:00:00+00:00,2024-02-06 13:00:00+00:00,2325.3690371345206,2325.7793369351966,-41.74780586503489,-0.1,0 days 05:00:00,Closed
2024-02-07 02:00:00+00:00,2024-02-07 11:00:00+00:00,2374.4405415429937,2355.534064010524,307.93092433745454,0.72,0 days 09:00:00,Closed
2024-02-07 11:00:00+00:00,2024-02-07 17:00:00+00:00,2355.376401,2382.1501405,450.42208991615183,1.06,0 days 06:00:00,Closed
2024-02-10 10:00:00+00:00,2024-02-10 18:00:00+00:00,2485.477105331987,2484.330690589513,-14.75796141988359,-0.03,0 days 08:00:00,Closed
2024-02-10 18:00:00+00:00,2024-02-11 01:00:00+00:00,2484.312229656009,2503.4200617788897,297.18592016376454,0.69,0 days 07:00:00,Closed
2024-02-11 18:00:00+00:00,2024-02-11 21:00:00+00:00,2509.454605214457,2497.0259566984246,180.7382148253099,0.42,0 days 03:00:00,Closed
2024-02-12 14:00:00+00:00,2024-02-12 15:00:00+00:00,2487.385992,2526.361864,647.388285549402,1.49,0 days 01:00:00,Closed
2024-02-13 14:00:00+00:00,2024-02-13 17:00:00+00:00,2643.475605246135,2604.851221,615.7752322538287,1.38,0 days 03:00:00,Closed
2024-02-14 07:00:00+00:00,2024-02-14 08:00:00+00:00,2645.476119,2654.4160859999997,-187.3943734150282,-0.42,0 days 01:00:00,Closed
2024-02-14 21:00:00+00:00,2024-02-15 14:00:00+00:00,2765.6661783215386,2812.733055088265,-845.4369343606232,-1.78,0 days 17:00:00,Closed
2024-02-16 03:00:00+00:00,2024-02-16 15:00:00+00:00,2847.1278880959453,2821.5279758899205,370.5695547578913,0.82,0 days 12:00:00,Closed
2024-02-18 01:00:00+00:00,2024-02-18 04:00:00+00:00,2791.057066,2783.0648300000003,-161.72032735566057,-0.37,0 days 03:00:00,Closed
2024-02-20 03:00:00+00:00,2024-02-20 13:00:00+00:00,2927.3186524173852,2933.7263914624173,-135.98986801643474,-0.3,0 days 10:00:00,Closed
2024-02-21 02:00:00+00:00,2024-02-21 09:00:00+00:00,3000.955559580445,2961.1664642263736,555.9859499227395,1.25,0 days 07:00:00,Closed
2024-02-21 23:00:00+00:00,2024-02-22 08:00:00+00:00,2935.040248,2995.051215,872.2399545054164,1.96,0 days 09:00:00,Closed
2024-02-23 09:00:00+00:00,2024-02-24 14:00:00+00:00,2926.4576739999998,2967.149588,593.2313711606089,1.31,1 days 05:00:00,Closed
2024-02-26 09:00:00+00:00,2024-02-26 12:00:00+00:00,3092.2485077359197,3060.33241022293,451.41110279796453,0.95,0 days 03:00:00,Closed
2024-02-26 19:00:00+00:00,2024-02-26 22:00:00+00:00,3138.531277,3186.523756,671.1250926797762,1.45,0 days 03:00:00,Closed
2024-02-28 17:00:00+00:00,2024-02-28 18:00:00+00:00,3428.581117,3347.70401,1071.69308316836,2.28,0 days 01:00:00,Closed
2024-02-29 07:00:00+00:00,2024-02-29 22:00:00+00:00,3480.481999540252,3401.967947364929,1118.6648763732494,2.18,0 days 15:00:00,Closed
2024-03-01 08:00:00+00:00,2024-03-01 13:00:00+00:00,3368.740319,3426.401771,802.3089755681837,1.63,0 days 05:00:00,Closed
2024-03-02 15:00:00+00:00,2024-03-03 07:00:00+00:00,3416.584668,3414.185437,-75.08833219130653,-0.15,0 days 16:00:00,Closed
2024-03-05 17:00:00+00:00,2024-03-05 19:00:00+00:00,3693.890155860906,3616.7446979999995,1003.6915698657178,2.01,0 days 02:00:00,Closed
2024-03-06 05:00:00+00:00,2024-03-06 10:00:00+00:00,3654.025879,3795.7209420000004,1933.1203420836555,3.8,0 days 05:00:00,Closed
2024-03-07 09:00:00+00:00,2024-03-07 18:00:00+00:00,3795.6783619999997,3860.74143,863.3513632709597,1.63,0 days 09:00:00,Closed
2024-03-08 16:00:00+00:00,2024-03-09 18:00:00+00:00,3902.8300219899784,3890.0422391411166,143.87479416510158,0.25,1 days 02:00:00,Closed
2024-03-10 07:00:00+00:00,2024-03-10 16:00:00+00:00,3945.428855460424,3909.7693604635238,452.5280520616707,0.82,0 days 09:00:00,Closed
2024-03-11 07:00:00+00:00,2024-03-11 10:00:00+00:00,3889.5765229999997,4044.4163110000004,2117.851182081725,3.9,0 days 03:00:00,Closed
2024-03-12 06:00:00+00:00,2024-03-12 09:00:00+00:00,4041.637449275155,3990.69685,670.2247913985424,1.18,0 days 03:00:00,Closed
2024-03-12 16:00:00+00:00,2024-03-12 17:00:00+00:00,3993.727759,3924.272365,-1038.3267651052927,-1.82,0 days 01:00:00,Closed
2024-03-13 06:00:00+00:00,2024-03-13 07:00:00+00:00,4042.5624049999997,4051.524178,79.3829781894411,0.14,0 days 01:00:00,Closed
2024-03-13 16:00:00+00:00,2024-03-14 13:00:00+00:00,3966.859701,3945.955858,-340.64256572650095,-0.61,0 days 21:00:00,Closed
2024-03-15 02:00:00+00:00,2024-03-15 03:00:00+00:00,3884.5950289999996,3748.705051,-1995.8967173878102,-3.58,0 days 01:00:00,Closed
2024-03-15 16:00:00+00:00,2024-03-16 21:00:00+00:00,3693.047582,3620.51352,-1099.4190004758404,-2.04,1 days 05:00:00,Closed
2024-03-17 10:00:00+00:00,2024-03-17 21:00:00+00:00,3559.427508,3635.179119,1079.1037616088765,2.05,0 days 11:00:00,Closed
2024-03-17 21:00:00+00:00,2024-03-18 10:00:00+00:00,3632.6133627176955,3568.8508121359773,955.2104167600461,1.68,0 days 13:00:00,Closed
2024-03-20 11:00:00+00:00,2024-03-20 14:00:00+00:00,3234.330008,3346.665699,1856.7258768207664,3.39,0 days 03:00:00,Closed
2024-03-20 21:00:00+00:00,2024-03-22 12:00:00+00:00,3465.712515004221,3428.6069733239738,692.9765488793201,0.99,1 days 15:00:00,Closed
2024-03-23 12:00:00+00:00,2024-03-23 13:00:00+00:00,3368.330196,3370.238625,-13.385525414186613,-0.02,0 days 01:00:00,Closed
2024-03-23 13:00:00+00:00,2024-03-24 05:00:00+00:00,3368.3894020826833,3330.414715537704,653.192955355765,1.05,0 days 16:00:00,Closed
2024-03-24 18:00:00+00:00,2024-03-24 22:00:00+00:00,3368.742339671475,3426.6553079946443,-1044.9945342093017,-1.8,0 days 04:00:00,Closed
2024-03-25 11:00:00+00:00,2024-03-25 14:00:00+00:00,3456.0310113223595,3488.5681233974346,-587.264319180276,-1.02,0 days 03:00:00,Closed
2024-03-26 03:00:00+00:00,2024-03-26 21:00:00+00:00,3624.294358049252,3598.1584708844866,377.54012847228955,0.64,0 days 18:00:00,Closed
2024-03-27 04:00:00+00:00,2024-03-27 13:00:00+00:00,3606.5116289999996,3583.294689,-410.03959136358117,-0.72,0 days 09:00:00,Closed
2024-03-28 02:00:00+00:00,2024-03-28 09:00:00+00:00,3501.2321141903026,3556.334922032378,840.1636037012256,1.49,0 days 07:00:00,Closed
2024-03-29 05:00:00+00:00,2024-03-29 15:00:00+00:00,3568.300169,3545.4360500000003,-411.4412332488671,-0.72,0 days 10:00:00,Closed
2024-03-30 04:00:00+00:00,2024-03-30 12:00:00+00:00,3493.227654,3545.5910035,804.1409258703811,1.42,0 days 08:00:00,Closed
2024-03-31 02:00:00+00:00,2024-03-31 06:00:00+00:00,3527.187839,3576.3717665000004,755.43952243239,1.31,0 days 04:00:00,Closed
2024-04-01 05:00:00+00:00,2024-04-01 06:00:00+00:00,3602.81883,3512.85354,1408.7352091680311,2.42,0 days 01:00:00,Closed
2024-04-03 06:00:00+00:00,2024-04-04 05:00:00+00:00,3295.2834378292473,3295.091061439925,-49.04159113979401,-0.07,0 days 23:00:00,Closed
2024-04-04 12:00:00+00:00,2024-04-04 14:00:00+00:00,3343.372711,3366.329798,361.46780811924066,0.61,0 days 02:00:00,Closed
2024-04-04 21:00:00+00:00,2024-04-05 08:00:00+00:00,3324.3338295806643,3295.466933676862,496.38084764617946,0.79,0 days 11:00:00,Closed
2024-04-06 02:00:00+00:00,2024-04-06 23:00:00+00:00,3319.298584932454,3378.719700534667,-1168.162880672999,-1.87,0 days 21:00:00,Closed
2024-04-07 12:00:00+00:00,2024-04-07 23:00:00+00:00,3390.2487141858446,3423.2418286704324,-637.4944061349328,-1.05,0 days 11:00:00,Closed
2024-04-08 12:00:00+00:00,2024-04-08 18:00:00+00:00,3635.0035244950786,3672.109527200888,-657.4641945191303,-1.1,0 days 06:00:00,Closed
2024-04-09 07:00:00+00:00,2024-04-09 10:00:00+00:00,3643.5368184164136,3633.1538535042246,119.8363175832356,0.21,0 days 03:00:00,Closed
2024-04-11 02:00:00+00:00,2024-04-11 03:00:00+00:00,3533.909855,3567.619393,507.74235319172124,0.87,0 days 01:00:00,Closed
2024-04-11 11:00:00+00:00,2024-04-11 23:00:00+00:00,3559.417407654184,3509.55256880425,835.3266009583941,1.32,0 days 12:00:00,Closed
2024-04-12 06:00:00+00:00,2024-04-12 15:00:00+00:00,3542.436351314138,3473.2356425883218,1145.0669488473486,1.87,0 days 09:00:00,Closed
2024-04-13 16:00:00+00:00,2024-04-13 19:00:00+00:00,3269.257499907541,3235.550374,604.339396851919,0.95,0 days 03:00:00,Closed
2024-04-14 11:00:00+00:00,2024-04-14 22:00:00+00:00,3052.837236662889,3065.5106573231938,-319.9163884495996,-0.5,0 days 11:00:00,Closed
2024-04-15 11:00:00+00:00,2024-04-15 18:00:00+00:00,3254.98152672749,3152.86375700848,1936.830185664722,3.06,0 days 07:00:00,Closed
2024-04-17 04:00:00+00:00,2024-04-17 06:00:00+00:00,3094.618107,3086.663723,-211.71210208662,-0.34,0 days 02:00:00,Closed
2024-04-18 11:00:00+00:00,2024-04-18 14:00:00+00:00,3010.963018,3046.7956870000003,694.8609417590774,1.11,0 days 03:00:00,Closed
2024-04-18 21:00:00+00:00,2024-04-19 02:00:00+00:00,3066.129270741702,2990.528225680712,1519.263278556119,2.39,0 days 05:00:00,Closed
2024-04-19 16:00:00+00:00,2024-04-20 01:00:00+00:00,3077.8132438926427,3032.430653402957,955.5411386317769,1.4,0 days 09:00:00,Closed
2024-04-20 15:00:00+00:00,2024-04-20 20:00:00+00:00,3064.358410793274,3147.0569189182497,-1858.4611401036775,-2.78,0 days 05:00:00,Closed
2024-04-21 09:00:00+00:00,2024-04-21 17:00:00+00:00,3166.482951089791,3148.49157082161,317.23171951535613,0.49,0 days 08:00:00,Closed
2024-04-22 04:00:00+00:00,2024-04-22 06:00:00+00:00,3190.106745,3225.3720980000003,658.5799387638809,1.03,0 days 02:00:00,Closed
2024-04-22 20:00:00+00:00,2024-04-23 18:00:00+00:00,3187.579169203562,3220.4681645482583,618.5688623213869,0.95,0 days 22:00:00,Closed
2024-04-24 14:00:00+00:00,2024-04-24 16:00:00+00:00,3245.0326822785432,3175.542377,1378.4841823856416,2.06,0 days 02:00:00,Closed
2024-04-25 21:00:00+00:00,2024-04-26 01:00:00+00:00,3173.1716659999997,3144.1864610000002,-664.4220582164588,-0.99,0 days 04:00:00,Closed
2024-04-26 11:00:00+00:00,2024-04-27 01:00:00+00:00,3122.456456,3106.6577230000003,-388.0191814422004,-0.59,0 days 14:00:00,Closed
2024-04-27 14:00:00+00:00,2024-04-27 15:00:00+00:00,3150.5548830000002,3148.065297,-104.69921038312204,-0.16,0 days 01:00:00,Closed
2024-04-28 23:00:00+00:00,2024-04-29 03:00:00+00:00,3287.910315303426,3222.2603918833597,1285.221291490456,1.92,0 days 04:00:00,Closed
2024-04-29 23:00:00+00:00,2024-04-30 02:00:00+00:00,3214.7341309999997,3170.718499,-971.0672412712487,-1.45,0 days 03:00:00,Closed
2024-04-30 15:00:00+00:00,2024-05-01 07:00:00+00:00,3019.655625,2951.8741720000003,-1535.1454201051633,-2.32,0 days 16:00:00,Closed
2024-05-01 20:00:00+00:00,2024-05-01 23:00:00+00:00,2925.667437,2967.259555,865.3586974729137,1.34,0 days 03:00:00,Closed
2024-05-02 06:00:00+00:00,2024-05-02 11:00:00+00:00,2914.1150226447403,2964.613646595928,-1186.4619663991903,-1.81,0 days 05:00:00,Closed
2024-05-03 00:00:00+00:00,2024-05-03 12:00:00+00:00,2983.740238567772,2979.790631797587,34.913898388129454,0.05,0 days 12:00:00,Closed
2024-05-04 01:00:00+00:00,2024-05-04 10:00:00+00:00,3114.663614794834,3106.4837901309843,120.25950870919999,0.18,0 days 09:00:00,Closed
2024-05-04 23:00:00+00:00,2024-05-05 01:00:00+00:00,3105.298131,3108.0577054392757,-108.71988136260183,-0.17,0 days 02:00:00,Closed
2024-05-05 08:00:00+00:00,2024-05-05 15:00:00+00:00,3104.9011909999995,3151.794178,918.6217955906751,1.43,0 days 07:00:00,Closed
2024-05-06 12:00:00+00:00,2024-05-06 20:00:00+00:00,3142.986970765061,3070.8126171745535,1541.9433056236267,2.22,0 days 08:00:00,Closed
2024-05-09 19:00:00+00:00,2024-05-09 23:00:00+00:00,3016.454665,3052.563956,744.9164715054703,1.12,0 days 04:00:00,Closed
2024-05-10 14:00:00+00:00,2024-05-10 15:00:00+00:00,3018.7241110000004,2935.470377,1807.380363265836,2.68,0 days 01:00:00,Closed
2024-05-11 08:00:00+00:00,2024-05-12 16:00:00+00:00,2919.5108906194027,2936.815257956479,-495.6209548675784,-0.67,1 days 08:00:00,Closed
2024-05-13 07:00:00+00:00,2024-05-13 17:00:00+00:00,2919.225505,2974.167482,1238.7480737795224,1.8,0 days 10:00:00,Closed
2024-05-14 07:00:00+00:00,2024-05-14 14:00:00+00:00,2915.8745,2894.921263,-558.8699757116304,-0.8,0 days 07:00:00,Closed
2024-05-15 03:00:00+00:00,2024-05-15 08:00:00+00:00,2888.116175,2913.685632,559.0458452265419,0.8,0 days 05:00:00,Closed
2024-05-15 08:00:00+00:00,2024-05-15 12:00:00+00:00,2913.555551073607,2898.8226010868993,302.66420708851035,0.43,0 days 04:00:00,Closed
2024-05-16 01:00:00+00:00,2024-05-16 14:00:00+00:00,3018.5626305895303,2981.793530571969,822.7435417111922,1.14,0 days 13:00:00,Closed
2024-05-17 07:00:00+00:00,2024-05-17 08:00:00+00:00,2959.8876999999998,3022.6829230000003,1451.5903766521687,2.04,0 days 01:00:00,Closed
2024-05-19 01:00:00+00:00,2024-05-19 04:00:00+00:00,3112.9336,3126.76169,264.22952677025927,0.36,0 days 03:00:00,Closed
2024-05-19 11:00:00+00:00,2024-05-19 13:00:00+00:00,3102.7575809371797,3077.282908,540.4590559970827,0.74,0 days 02:00:00,Closed
2024-05-20 04:00:00+00:00,2024-05-20 05:00:00+00:00,3086.495671,3121.1733670000003,765.4919633217025,1.04,0 days 01:00:00,Closed
2024-05-20 12:00:00+00:00,2024-05-20 16:00:00+00:00,3091.9350127523126,3117.750580280896,-684.051463407737,-0.92,0 days 04:00:00,Closed
2024-05-21 05:00:00+00:00,2024-05-21 11:00:00+00:00,3660.4630652599476,3718.932503893194,-1247.1244080100691,-1.68,0 days 06:00:00,Closed
2024-05-22 00:00:00+00:00,2024-05-22 13:00:00+00:00,3788.8244295124514,3684.591118537553,2036.5596454654803,2.67,0 days 13:00:00,Closed
2024-05-22 20:00:00+00:00,2024-05-23 03:00:00+00:00,3739.471505,3770.578487,558.0666444381015,0.75,0 days 07:00:00,Closed
2024-05-23 18:00:00+00:00,2024-05-23 20:00:00+00:00,3785.642870808409,3794.718074,-240.1928945001361,-0.32,0 days 02:00:00,Closed
2024-05-24 09:00:00+00:00,2024-05-24 12:00:00+00:00,3674.477326,3715.166387612279,-885.8905148364845,-1.19,0 days 03:00:00,Closed
2024-05-25 04:00:00+00:00,2024-05-25 07:00:00+00:00,3748.004064,3748.8849970000006,-41.638999272121595,-0.06,0 days 03:00:00,Closed
2024-05-27 19:00:00+00:00,2024-05-28 04:00:00+00:00,3925.1448254123543,3854.132450173149,1342.9037294114248,1.73,0 days 09:00:00,Closed
2024-05-28 11:00:00+00:00,2024-05-28 15:00:00+00:00,3902.8705099999993,3857.8423000000003,-924.8345724518816,-1.23,0 days 04:00:00,Closed
2024-05-29 04:00:00+00:00,2024-05-29 08:00:00+00:00,3854.8661130000005,3823.5625870000003,-660.4726354304747,-0.89,0 days 04:00:00,Closed
2024-05-29 21:00:00+00:00,2024-05-30 07:00:00+00:00,3757.5069139999996,3742.2169980000003,-357.30861308304225,-0.49,0 days 10:00:00,Closed
2024-05-30 20:00:00+00:00,2024-05-31 11:00:00+00:00,3765.02917,3785.933879,346.9925149129304,0.48,0 days 15:00:00,Closed
2024-06-02 19:00:00+00:00,2024-06-03 08:00:00+00:00,3774.7356274078816,3812.108766077337,668.1754075547715,0.91,0 days 13:00:00,Closed
2024-06-04 03:00:00+00:00,2024-06-04 17:00:00+00:00,3775.0521760000006,3816.2547799999998,748.7934037502473,1.01,0 days 14:00:00,Closed
2024-06-06 14:00:00+00:00,2024-06-06 19:00:00+00:00,3838.3511599999997,3834.169404,-141.32319400063605,-0.19,0 days 05:00:00,Closed
2024-06-07 08:00:00+00:00,2024-06-07 10:00:00+00:00,3820.395775,3813.445623,-195.52636615775313,-0.26,0 days 02:00:00,Closed
2024-06-07 10:00:00+00:00,2024-06-07 12:00:00+00:00,3813.445622999999,3839.4343875820914,-567.7930289109465,-0.76,0 days 02:00:00,Closed
2024-06-09 12:00:00+00:00,2024-06-10 07:00:00+00:00,3694.02605671573,3681.442276651345,198.50956190329742,0.26,0 days 19:00:00,Closed
2024-06-10 15:00:00+00:00,2024-06-10 19:00:00+00:00,3683.074591,3688.253192,44.87095738347094,0.06,0 days 04:00:00,Closed
2024-06-11 08:00:00+00:00,2024-06-11 15:00:00+00:00,3536.400602,3513.1657339999997,-546.3169610720153,-0.74,0 days 07:00:00,Closed
2024-06-12 04:00:00+00:00,2024-06-12 06:00:00+00:00,3511.5231409999997,3507.857327,-135.6931606814323,-0.18,0 days 02:00:00,Closed
2024-06-12 06:00:00+00:00,2024-06-12 12:00:00+00:00,3507.8990916847524,3532.445277924563,-575.6000968477701,-0.78,0 days 06:00:00,Closed
2024-06-13 01:00:00+00:00,2024-06-13 03:00:00+00:00,3556.7997951198886,3513.5437469999997,836.7627121448194,1.14,0 days 02:00:00,Closed
2024-06-14 05:00:00+00:00,2024-06-14 06:00:00+00:00,3497.378899,3520.683478,432.1200325158895,0.59,0 days 01:00:00,Closed
2024-06-14 14:00:00+00:00,2024-06-14 16:00:00+00:00,3506.2388651123147,3462.828537,867.9685364830765,1.16,0 days 02:00:00,Closed
2024-06-14 21:00:00+00:00,2024-06-15 07:00:00+00:00,3413.383708,3538.298192,2684.6533112624443,3.58,0 days 10:00:00,Closed
2024-06-17 06:00:00+00:00,2024-06-17 07:00:00+00:00,3571.938097,3551.3650900000002,385.64951297326684,0.5,0 days 01:00:00,Closed
2024-06-19 00:00:00+00:00,2024-06-19 03:00:00+00:00,3481.285301,3538.849233666113,-1354.5264328884552,-1.73,0 days 03:00:00,Closed
2024-06-19 16:00:00+00:00,2024-06-20 07:00:00+00:00,3527.2434580730524,3578.801888434351,-1209.2941289769662,-1.54,0 days 15:00:00,Closed
2024-06-20 20:00:00+00:00,2024-06-20 22:00:00+00:00,3533.5679949555147,3516.314578,310.13836592127194,0.41,0 days 02:00:00,Closed
2024-06-23 03:00:00+00:00,2024-06-23 15:00:00+00:00,3510.9168416616753,3488.9636176144872,418.9366318230608,0.55,0 days 12:00:00,Closed
2024-06-25 05:00:00+00:00,2024-06-26 16:00:00+00:00,3387.9039237455586,3365.677632304238,489.6692304027262,0.58,1 days 11:00:00,Closed
2024-06-27 13:00:00+00:00,2024-06-28 16:00:00+00:00,3435.087905003962,3431.8805990097085,11.09850900654213,0.01,1 days 03:00:00,Closed
2024-06-29 07:00:00+00:00,2024-06-30 02:00:00+00:00,3387.2658750000005,3374.1974370000003,-357.4661236389605,-0.47,0 days 19:00:00,Closed
2024-06-30 15:00:00+00:00,2024-06-30 17:00:00+00:00,3393.41772,3390.592517,-124.71592650279985,-0.16,0 days 02:00:00,Closed
2024-07-01 16:00:00+00:00,2024-07-01 22:00:00+00:00,3474.9121609999997,3457.332489,-446.79598761342015,-0.59,0 days 06:00:00,Closed
2024-07-02 11:00:00+00:00,2024-07-02 14:00:00+00:00,3452.3153839999995,3436.3287920000002,-411.708983010525,-0.54,0 days 03:00:00,Closed
2024-07-03 03:00:00+00:00,2024-07-03 10:00:00+00:00,3381.8142400000006,3339.7877630000003,-997.2984968297596,-1.32,0 days 07:00:00,Closed
2024-07-03 23:00:00+00:00,2024-07-04 01:00:00+00:00,3301.8702639999997,3305.2581250000003,16.793611748292705,0.02,0 days 02:00:00,Closed
2024-07-04 14:00:00+00:00,2024-07-05 00:00:00+00:00,3126.227587,3058.38221,-1674.5326461642153,-2.25,0 days 10:00:00,Closed
2024-07-05 13:00:00+00:00,2024-07-05 19:00:00+00:00,2935.6004159999998,2990.962442,1313.6278627516765,1.81,0 days 06:00:00,Closed
2024-07-05 19:00:00+00:00,2024-07-07 08:00:00+00:00,2991.885137752212,3005.4582537116307,-430.2202314662237,-0.53,1 days 13:00:00,Closed
2024-07-08 08:00:00+00:00,2024-07-08 14:00:00+00:00,2926.727755,3036.228858,2695.7141480615924,3.66,0 days 06:00:00,Closed
2024-07-09 03:00:00+00:00,2024-07-09 05:00:00+00:00,3074.241996,3068.289237,-208.85891950461223,-0.27,0 days 02:00:00,Closed
2024-07-12 03:00:00+00:00,2024-07-12 18:00:00+00:00,3106.9318,3135.130714651396,629.8750506630706,0.83,0 days 15:00:00,Closed
2024-07-16 08:00:00+00:00,2024-07-16 13:00:00+00:00,3374.656028143043,3403.037648315363,-707.816670296138,-0.92,0 days 05:00:00,Closed
2024-07-16 13:00:00+00:00,2024-07-17 03:00:00+00:00,3403.183012985329,3443.342708027386,840.2352327596094,1.1,0 days 14:00:00,Closed
2024-07-17 15:00:00+00:00,2024-07-17 16:00:00+00:00,3454.4033680000002,3437.200851,321.6299865116391,0.42,0 days 01:00:00,Closed
2024-07-18 07:00:00+00:00,2024-07-18 13:00:00+00:00,3444.4567907509486,3471.174604812138,-671.5091694348952,-0.86,0 days 06:00:00,Closed
2024-07-19 02:00:00+00:00,2024-07-19 14:00:00+00:00,3411.909538281282,3436.382013795464,-636.0328667592581,-0.8,0 days 12:00:00,Closed
2024-07-20 03:00:00+00:00,2024-07-20 10:00:00+00:00,3490.7892601210974,3483.394993444825,101.39329797733235,0.13,0 days 07:00:00,Closed
2024-07-20 10:00:00+00:00,2024-07-20 18:00:00+00:00,3483.204648,3510.1566369999996,527.1593558433042,0.69,0 days 08:00:00,Closed
2024-07-21 08:00:00+00:00,2024-07-21 17:00:00+00:00,3483.9148609999997,3514.9452,620.2630419765695,0.81,0 days 09:00:00,Closed
2024-07-22 06:00:00+00:00,2024-07-23 08:00:00+00:00,3494.94817,3452.2640100000003,-1003.7873058675983,-1.3,1 days 02:00:00,Closed
2024-07-23 21:00:00+00:00,2024-07-24 18:00:00+00:00,3481.154033,3415.635002,-1493.8111081176658,-1.96,0 days 21:00:00,Closed
2024-07-25 07:00:00+00:00,2024-07-25 20:00:00+00:00,3170.100745,3121.103388,-1213.3647501248465,-1.62,0 days 13:00:00,Closed
2024-07-26 10:00:00+00:00,2024-07-27 13:00:00+00:00,3248.210083488146,3285.6174288754783,-959.7910051166507,-1.23,1 days 03:00:00,Closed
2024-07-28 02:00:00+00:00,2024-07-28 04:00:00+00:00,3244.8562510000006,3237.8139291315606,99.41538648507081,0.14,0 days 02:00:00,Closed
2024-07-28 13:00:00+00:00,2024-07-28 18:00:00+00:00,3270.6509010000004,3269.448871,-84.74675990485747,-0.12,0 days 05:00:00,Closed
2024-07-29 15:00:00+00:00,2024-07-30 00:00:00+00:00,3322.642964331896,3318.1564940981702,41.70087062207109,0.06,0 days 09:00:00,Closed
2024-07-31 09:00:00+00:00,2024-07-31 19:00:00+00:00,3316.362558006566,3318.018317168721,-97.54131446342237,-0.13,0 days 10:00:00,Closed
2024-08-01 22:00:00+00:00,2024-08-02 02:00:00+00:00,3175.9525,3171.0484,-169.80094632668187,-0.23,0 days 04:00:00,Closed
2024-08-03 15:00:00+00:00,2024-08-03 18:00:00+00:00,2995.0499399989194,2901.950324,2282.62322673708,3.03,0 days 03:00:00,Closed
2024-08-06 01:00:00+00:00,2024-08-07 16:00:00+00:00,2519.782285083622,2427.51668094327,3531.339998998809,3.58,1 days 15:00:00,Closed
2024-08-08 09:00:00+00:00,2024-08-08 12:00:00+00:00,2425.582107,2446.752528651472,-744.4580445565692,-0.95,0 days 03:00:00,Closed
2024-08-09 01:00:00+00:00,2024-08-09 13:00:00+00:00,2663.1956587754257,2629.727819855142,971.8585091561628,1.18,0 days 12:00:00,Closed
2024-08-09 13:00:00+00:00,2024-08-10 06:00:00+00:00,2627.2979530000002,2604.048551,-755.4919934673651,-0.96,0 days 17:00:00,Closed
2024-08-10 16:00:00+00:00,2024-08-11 03:00:00+00:00,2597.7421181940563,2624.1011149752117,-860.4557313439702,-1.1,0 days 11:00:00,Closed
2024-08-11 16:00:00+00:00,2024-08-11 20:00:00+00:00,2611.8462109999996,2599.349175796744,305.84567353197195,0.4,0 days 04:00:00,Closed
2024-08-12 10:00:00+00:00,2024-08-12 11:00:00+00:00,2596.0585840000003,2639.018057,1212.322922259946,1.57,0 days 01:00:00,Closed
2024-08-12 18:00:00+00:00,2024-08-12 23:00:00+00:00,2652.9739055069213,2694.8437486745333,-1318.8101498722517,-1.66,0 days 05:00:00,Closed
2024-08-13 12:00:00+00:00,2024-08-13 14:00:00+00:00,2642.1471180000003,2668.3053119870383,-823.338060060689,-1.07,0 days 02:00:00,Closed
2024-08-13 21:00:00+00:00,2024-08-14 13:00:00+00:00,2696.507344429766,2730.5790253036967,-1066.9789347873482,-1.34,0 days 16:00:00,Closed
2024-08-15 02:00:00+00:00,2024-08-15 07:00:00+00:00,2643.8029030000002,2622.203103,-672.6752759652463,-0.9,0 days 05:00:00,Closed
2024-08-15 20:00:00+00:00,2024-08-16 09:00:00+00:00,2548.8430071444172,2605.381915661022,1590.4446669994045,2.14,0 days 13:00:00,Closed
2024-08-18 23:00:00+00:00,2024-08-19 06:00:00+00:00,2643.290335386173,2625.4995653664364,464.6569524459136,0.59,0 days 07:00:00,Closed
2024-08-19 20:00:00+00:00,2024-08-20 00:00:00+00:00,2606.111599,2634.369452,766.9585280950748,1.0,0 days 04:00:00,Closed
2024-08-20 14:00:00+00:00,2024-08-20 15:00:00+00:00,2643.4767190000002,2584.8252150000003,1651.2563967769224,2.14,0 days 01:00:00,Closed
2024-08-21 18:00:00+00:00,2024-08-22 07:00:00+00:00,2623.7462021771694,2627.4979974914895,-180.60094684571698,-0.22,0 days 13:00:00,Closed
2024-08-22 20:00:00+00:00,2024-08-23 05:00:00+00:00,2604.7862946858995,2637.9702475626905,-1070.5846010013688,-1.35,0 days 09:00:00,Closed
2024-08-23 18:00:00+00:00,2024-08-23 21:00:00+00:00,2725.171272673624,2752.055564336088,-828.1144346159244,-1.07,0 days 03:00:00,Closed
2024-08-24 10:00:00+00:00,2024-08-24 16:00:00+00:00,2772.4787068744617,2760.6135661153003,270.51337378350325,0.35,0 days 06:00:00,Closed
2024-08-25 05:00:00+00:00,2024-08-25 07:00:00+00:00,2765.0533874369908,2754.316047,238.03599589770863,0.31,0 days 02:00:00,Closed
2024-08-25 14:00:00+00:00,2024-08-25 22:00:00+00:00,2763.418777,2776.96666,316.7655565277909,0.41,0 days 08:00:00,Closed
2024-08-26 08:00:00+00:00,2024-08-26 14:00:00+00:00,2732.739576,2725.792017,-259.1694200784357,-0.33,0 days 06:00:00,Closed
2024-08-27 03:00:00+00:00,2024-08-27 10:00:00+00:00,2676.672761,2672.148115,-192.4700300800715,-0.25,0 days 07:00:00,Closed
2024-08-27 23:00:00+00:00,2024-08-28 16:00:00+00:00,2459.5739288345544,2478.1258991643813,522.9374559745758,0.67,0 days 17:00:00,Closed
2024-08-29 05:00:00+00:00,2024-08-29 10:00:00+00:00,2524.5671429999998,2541.83722,468.77244612644097,0.6,0 days 05:00:00,Closed
2024-08-29 18:00:00+00:00,2024-08-30 03:00:00+00:00,2571.5286732759914,2515.1116486750525,1749.746977192998,2.11,0 days 09:00:00,Closed
2024-08-30 12:00:00+00:00,2024-08-30 14:00:00+00:00,2512.203435,2522.8329230000004,273.8543984798671,0.34,0 days 02:00:00,Closed
2024-08-31 03:00:00+00:00,2024-08-31 05:00:00+00:00,2522.466513,2527.3715610000004,91.64715967058626,0.11,0 days 02:00:00,Closed
2024-08-31 19:00:00+00:00,2024-09-01 01:00:00+00:00,2495.8664073962195,2504.402947237554,210.18175267814124,0.26,0 days 06:00:00,Closed
2024-09-01 14:00:00+00:00,2024-09-01 22:00:00+00:00,2472.2214440000002,2476.16602367575,63.934999913030296,0.08,0 days 08:00:00,Closed
2024-09-02 11:00:00+00:00,2024-09-02 13:00:00+00:00,2524.667173,2519.094045,-242.0096111015846,-0.3,0 days 02:00:00,Closed
2024-09-03 11:00:00+00:00,2024-09-03 13:00:00+00:00,2504.921251,2508.697165,56.72118087016877,0.07,0 days 02:00:00,Closed
2024-09-04 02:00:00+00:00,2024-09-04 16:00:00+00:00,2365.679491,2428.1462970529587,2055.471070162732,2.56,0 days 14:00:00,Closed
2024-09-05 03:00:00+00:00,2024-09-05 07:00:00+00:00,2443.091440803948,2398.6615982450444,1485.3294240904272,1.74,0 days 04:00:00,Closed
2024-09-07 09:00:00+00:00,2024-09-07 23:00:00+00:00,2293.223325769128,2264.9758590946444,1021.9456807627149,1.15,0 days 14:00:00,Closed
2024-09-08 11:00:00+00:00,2024-09-08 22:00:00+00:00,2300.951135421765,2274.1289004600303,952.5192540693333,1.09,0 days 11:00:00,Closed
2024-09-09 11:00:00+00:00,2024-09-09 14:00:00+00:00,2318.045286526107,2320.355898,-155.06817693014938,-0.18,0 days 03:00:00,Closed
2024-09-10 03:00:00+00:00,2024-09-10 18:00:00+00:00,2342.6017724257877,2350.627712156064,-379.90581122420383,-0.42,0 days 15:00:00,Closed
2024-09-11 07:00:00+00:00,2024-09-11 09:00:00+00:00,2329.1310509999994,2322.6778160722956,168.18160955054637,0.2,0 days 02:00:00,Closed
2024-09-12 04:00:00+00:00,2024-09-12 16:00:00+00:00,2365.4559859281785,2325.044431287701,1431.46111052033,1.63,0 days 12:00:00,Closed
2024-09-13 06:00:00+00:00,2024-09-13 10:00:00+00:00,2346.9819447407226,2351.674677808676,-246.6551734888546,-0.28,0 days 04:00:00,Closed
2024-09-13 23:00:00+00:00,2024-09-14 12:00:00+00:00,2443.6100168133457,2416.7289352352414,921.9048032703388,1.02,0 days 13:00:00,Closed
2024-09-14 12:00:00+00:00,2024-09-14 18:00:00+00:00,2416.594761,2412.67598,-211.98008720636,-0.24,0 days 06:00:00,Closed
2024-09-15 07:00:00+00:00,2024-09-15 10:00:00+00:00,2420.9460659999995,2411.07646,-425.8338781112784,-0.49,0 days 03:00:00,Closed
2024-09-15 23:00:00+00:00,2024-09-16 01:00:00+00:00,2345.833539,2298.230324,-1832.724462191214,-2.11,0 days 02:00:00,Closed
2024-09-16 14:00:00+00:00,2024-09-17 10:00:00+00:00,2302.470534,2312.00619,284.188468244731,0.33,0 days 20:00:00,Closed
2024-09-18 00:00:00+00:00,2024-09-18 06:00:00+00:00,2339.4588937133863,2321.116523730419,616.0304664230162,0.7,0 days 06:00:00,Closed
2024-09-18 18:00:00+00:00,2024-09-19 00:00:00+00:00,2308.902463,2373.2178209999997,2325.547648170938,2.7,0 days 06:00:00,Closed
2024-09-22 14:00:00+00:00,2024-09-22 22:00:00+00:00,2570.7409909999997,2545.526113,-936.5363692211687,-1.06,0 days 08:00:00,Closed
2024-09-24 05:00:00+00:00,2024-09-25 04:00:00+00:00,2622.5701569505713,2640.6012130040453,530.6949044517077,0.61,0 days 23:00:00,Closed
2024-09-25 17:00:00+00:00,2024-09-26 08:00:00+00:00,2599.8097089999997,2611.197782820601,314.5924423572072,0.36,0 days 15:00:00,Closed
2024-09-26 08:00:00+00:00,2024-09-26 15:00:00+00:00,2627.6778906674754,2613.209035607697,421.78002107882224,0.47,0 days 07:00:00,Closed
2024-09-27 04:00:00+00:00,2024-09-27 14:00:00+00:00,2637.0646383178314,2662.3123386392936,-937.6700691585149,-1.04,0 days 10:00:00,Closed
2024-09-28 03:00:00+00:00,2024-09-28 07:00:00+00:00,2697.819644192106,2678.86808522305,553.6920842217321,0.62,0 days 04:00:00,Closed
2024-09-28 07:00:00+00:00,2024-09-29 07:00:00+00:00,2678.8434119999997,2648.375249,-1074.063294963591,-1.22,1 days 00:00:00,Closed
2024-09-29 20:00:00+00:00,2024-09-29 22:00:00+00:00,2666.449695,2664.970269,-118.10563897827458,-0.14,0 days 02:00:00,Closed
2024-09-30 05:00:00+00:00,2024-09-30 10:00:00+00:00,2627.948148,2605.31817,-819.1396021161092,-0.94,0 days 05:00:00,Closed
2024-09-30 23:00:00+00:00,2024-10-01 06:00:00+00:00,2602.540528,2633.5615031510447,958.658642089423,1.11,0 days 07:00:00,Closed
2024-10-01 13:00:00+00:00,2024-10-01 14:00:00+00:00,2620.0137600000003,2580.493916,1246.335871256239,1.43,0 days 01:00:00,Closed
2024-10-04 05:00:00+00:00,2024-10-04 16:00:00+00:00,2372.2988521852444,2415.8079363403785,-1757.3392648890547,-1.91,0 days 11:00:00,Closed
2024-10-05 05:00:00+00:00,2024-10-05 21:00:00+00:00,2403.855993888682,2393.154326516372,330.6566987856791,0.37,0 days 16:00:00,Closed
2024-10-06 10:00:00+00:00,2024-10-06 14:00:00+00:00,2420.280717311975,2430.2140413858606,-427.53150509441724,-0.49,0 days 04:00:00,Closed
2024-10-07 03:00:00+00:00,2024-10-07 13:00:00+00:00,2502.3457136410716,2473.911195013959,945.5456334779046,1.06,0 days 10:00:00,Closed
2024-10-10 11:00:00+00:00,2024-10-10 16:00:00+00:00,2395.170873528626,2393.68263315866,-15.861253485746879,-0.02,0 days 05:00:00,Closed
2024-10-11 05:00:00+00:00,2024-10-11 15:00:00+00:00,2407.216366909849,2431.51733586513,-962.2929337583683,-1.09,0 days 10:00:00,Closed
2024-10-12 04:00:00+00:00,2024-10-12 10:00:00+00:00,2437.1992805305376,2445.027789158527,-347.9925738594771,-0.4,0 days 06:00:00,Closed
2024-10-12 10:00:00+00:00,2024-10-12 13:00:00+00:00,2445.023287,2456.06296,320.1705585150088,0.37,0 days 03:00:00,Closed
2024-10-13 12:00:00+00:00,2024-10-13 14:00:00+00:00,2457.6070609999997,2462.491031,102.68069285333337,0.12,0 days 02:00:00,Closed
2024-10-14 03:00:00+00:00,2024-10-14 04:00:00+00:00,2452.0153840000003,2519.283988,2306.7276431875543,2.66,0 days 01:00:00,Closed
2024-10-15 11:00:00+00:00,2024-10-15 13:00:00+00:00,2611.291129290363,2602.4605039999997,234.3358320871082,0.26,0 days 02:00:00,Closed
2024-10-15 13:00:00+00:00,2024-10-15 14:00:00+00:00,2602.4605039999997,2669.8288110000003,2236.3838705922676,2.51,0 days 01:00:00,Closed
2024-10-16 03:00:00+00:00,2024-10-16 05:00:00+00:00,2621.906336,2612.456028,-402.5134987638046,-0.44,0 days 02:00:00,Closed
2024-10-21 12:00:00+00:00,2024-10-21 13:00:00+00:00,2704.378443,2698.929436,110.65974141779205,0.12,0 days 01:00:00,Closed
2024-10-24 07:00:00+00:00,2024-10-24 17:00:00+00:00,2545.8984394364534,2518.8766426975008,921.9415056741467,0.98,0 days 10:00:00,Closed
2024-10-25 00:00:00+00:00,2024-10-25 05:00:00+00:00,2536.150617,2490.932496,-1714.1720695074334,-1.86,0 days 05:00:00,Closed
2024-10-25 18:00:00+00:00,2024-10-25 23:00:00+00:00,2486.54574,2462.371067,-950.18081061811,-1.05,0 days 05:00:00,Closed
2024-10-26 12:00:00+00:00,2024-10-26 14:00:00+00:00,2472.9216539999998,2463.700668,-404.6770637622603,-0.45,0 days 02:00:00,Closed
2024-10-26 14:00:00+00:00,2024-10-26 18:00:00+00:00,2463.4523968718136,2479.105083566174,-645.9471109012703,-0.72,0 days 04:00:00,Closed
2024-10-27 07:00:00+00:00,2024-10-27 11:00:00+00:00,2478.6489414030493,2467.995557011278,311.49446782374997,0.35,0 days 04:00:00,Closed
2024-10-27 18:00:00+00:00,2024-10-27 21:00:00+00:00,2496.276814675571,2492.141335106445,76.5672924522336,0.09,0 days 03:00:00,Closed
2024-10-28 10:00:00+00:00,2024-10-28 22:00:00+00:00,2540.329098378155,2523.0236657428354,546.1747566258836,0.6,0 days 12:00:00,Closed
2024-10-29 11:00:00+00:00,2024-10-29 16:00:00+00:00,2630.0613065067114,2648.7277940490617,-716.0220460444053,-0.79,0 days 05:00:00,Closed
2024-10-30 05:00:00+00:00,2024-10-30 10:00:00+00:00,2640.5777065115385,2693.5145833594947,-1854.4405970661123,-2.09,0 days 05:00:00,Closed
2024-10-30 23:00:00+00:00,2024-10-31 05:00:00+00:00,2659.250384044612,2647.5839327134295,312.68472604994156,0.36,0 days 06:00:00,Closed
2024-11-01 14:00:00+00:00,2024-11-01 15:00:00+00:00,2573.8176230000004,2562.7686,304.10323935958354,0.35,0 days 01:00:00,Closed
2024-11-04 05:00:00+00:00,2024-11-04 17:00:00+00:00,2471.1783096567024,2429.7520625395214,1456.6716777267452,1.6,0 days 12:00:00,Closed
2024-11-05 12:00:00+00:00,2024-11-05 19:00:00+00:00,2439.2473681970096,2452.8875913013753,-586.6516033993623,-0.64,0 days 07:00:00,Closed
2024-11-06 08:00:00+00:00,2024-11-06 19:00:00+00:00,2595.0791858543967,2676.0730077892395,-2872.33821054265,-3.2,0 days 11:00:00,Closed
2024-11-07 08:00:00+00:00,2024-11-07 20:00:00+00:00,2819.904280705048,2883.76586051222,-2085.631841822816,-2.35,0 days 12:00:00,Closed
2024-11-08 09:00:00+00:00,2024-11-08 19:00:00+00:00,2899.639530292788,2957.553385296636,-1816.4564050018153,-2.08,0 days 10:00:00,Closed
2024-11-09 08:00:00+00:00,2024-11-09 19:00:00+00:00,3029.7298657088054,3050.679159841817,-645.2726929907516,-0.77,0 days 11:00:00,Closed
2024-11-10 08:00:00+00:00,2024-11-10 18:00:00+00:00,3186.325186722887,3213.7017842871783,-774.6532027025601,-0.94,0 days 10:00:00,Closed
2024-11-11 07:00:00+00:00,2024-11-11 15:00:00+00:00,3139.5431916612843,3185.6771951367455,-1275.139360925625,-1.55,0 days 08:00:00,Closed
2024-11-12 04:00:00+00:00,2024-11-12 09:00:00+00:00,3339.7988699313137,3425.9872987885783,-2120.3607999292763,-2.66,0 days 05:00:00,Closed
2024-11-12 22:00:00+00:00,2024-11-12 23:00:00+00:00,3279.585829,3291.577177,-341.5094415681486,-0.45,0 days 01:00:00,Closed
2024-11-13 13:00:00+00:00,2024-11-13 14:00:00+00:00,3166.9498,3216.714696,1136.8488905641484,1.49,0 days 01:00:00,Closed
2024-11-14 03:00:00+00:00,2024-11-14 14:00:00+00:00,3213.113645,3167.719399,-1154.9208826019199,-1.49,0 days 11:00:00,Closed
2024-11-15 03:00:00+00:00,2024-11-16 06:00:00+00:00,3084.485068,3130.8604600000003,1084.8492671022066,1.42,1 days 03:00:00,Closed
2024-11-16 23:00:00+00:00,2024-11-17 02:00:00+00:00,3133.829569,3088.051722263431,1068.2526507571079,1.38,0 days 03:00:00,Closed
2024-11-21 08:00:00+00:00,2024-11-21 12:00:00+00:00,3138.067139763339,3150.874329350702,-386.61275372988405,-0.49,0 days 04:00:00,Closed
2024-11-22 01:00:00+00:00,2024-11-22 04:00:00+00:00,3318.414177,3369.328471120369,-1259.879898118357,-1.61,0 days 03:00:00,Closed
2024-11-22 17:00:00+00:00,2024-11-22 19:00:00+00:00,3310.129544359453,3282.8945729999996,574.0822005787473,0.74,0 days 02:00:00,Closed
2024-11-23 05:00:00+00:00,2024-11-23 12:00:00+00:00,3355.911677392399,3358.5323158963683,-124.58144562972245,-0.16,0 days 07:00:00,Closed
2024-11-24 01:00:00+00:00,2024-11-24 05:00:00+00:00,3419.2415708979875,3417.5848093438162,-24.422372104094208,-0.03,0 days 04:00:00,Closed
2024-11-24 05:00:00+00:00,2024-11-24 11:00:00+00:00,3417.394911,3376.2868100000005,-989.6900356401665,-1.28,0 days 06:00:00,Closed
2024-11-25 00:00:00+00:00,2024-11-25 06:00:00+00:00,3363.988894,3383.674593,384.6947420034155,0.5,0 days 06:00:00,Closed
2024-11-25 15:00:00+00:00,2024-11-26 10:00:00+00:00,3411.767637636046,3410.0143790336997,-23.33480804106231,-0.03,0 days 19:00:00,Closed
2024-11-27 04:00:00+00:00,2024-11-27 06:00:00+00:00,3363.60878,3401.249319,795.00161159699,1.04,0 days 02:00:00,Closed
2024-11-28 14:00:00+00:00,2024-11-29 15:00:00+00:00,3591.407099,3634.959185,875.6337645747059,1.13,1 days 01:00:00,Closed
2024-12-02 09:00:00+00:00,2024-12-03 13:00:00+00:00,3607.0918030000003,3606.577702,-73.7152639424448,-0.09,1 days 04:00:00,Closed
2024-12-04 02:00:00+00:00,2024-12-04 09:00:00+00:00,3686.6751004251178,3705.9189041045906,-479.84268661392673,-0.6,0 days 07:00:00,Closed
2024-12-04 22:00:00+00:00,2024-12-05 11:00:00+00:00,3839.0479991835446,3916.832162729031,-1703.0553891258135,-2.11,0 days 13:00:00,Closed
2024-12-06 14:00:00+00:00,2024-12-07 09:00:00+00:00,3896.32809025505,3986.121141785974,-1917.99447544114,-2.39,0 days 19:00:00,Closed
2024-12-07 21:00:00+00:00,2024-12-08 09:00:00+00:00,4017.963523046509,3964.6494251402632,951.5042898765919,1.25,0 days 12:00:00,Closed
2024-12-08 23:00:00+00:00,2024-12-09 00:00:00+00:00,4011.7961,4008.512193,1.4167812383181158,0.0,0 days 01:00:00,Closed
2024-12-11 08:00:00+00:00,2024-12-11 15:00:00+00:00,3651.0643519999994,3767.5328780650098,-2453.5209958917612,-3.27,0 days 07:00:00,Closed
2024-12-12 04:00:00+00:00,2024-12-13 08:00:00+00:00,3928.858546601016,3891.239972915394,731.3805905995677,0.88,1 days 04:00:00,Closed
2024-12-13 15:00:00+00:00,2024-12-14 14:00:00+00:00,3943.5246074007623,3866.967183786544,1500.5143818138545,1.86,0 days 23:00:00,Closed
2024-12-15 04:00:00+00:00,2024-12-15 07:00:00+00:00,3874.2319210000005,3875.5969720000003,-33.483427807301595,-0.04,0 days 03:00:00,Closed
2024-12-15 20:00:00+00:00,2024-12-15 23:00:00+00:00,3903.290636,3886.243777,-386.0723650975781,-0.52,0 days 03:00:00,Closed
2024-12-17 22:00:00+00:00,2024-12-17 23:00:00+00:00,3929.490799,3882.624438,827.759430608155,1.11,0 days 01:00:00,Closed
2024-12-18 19:00:00+00:00,2024-12-18 20:00:00+00:00,3896.4407170000004,3769.900631,2382.6414995914915,3.17,0 days 01:00:00,Closed
2024-12-20 19:00:00+00:00,2024-12-21 00:00:00+00:00,3428.658289,3469.838736,869.1589121059487,1.12,0 days 05:00:00,Closed
2024-12-21 00:00:00+00:00,2024-12-21 14:00:00+00:00,3468.3454557259947,3395.532163542984,1720.502721299341,2.02,0 days 14:00:00,Closed
2024-12-23 16:00:00+00:00,2024-12-23 23:00:00+00:00,3276.992803,3457.082564,4338.909497711435,5.41,0 days 07:00:00,Closed
2024-12-25 16:00:00+00:00,2024-12-26 08:00:00+00:00,3470.001112411656,3423.7858004408768,1112.3048804680402,1.25,0 days 16:00:00,Closed
2024-12-27 05:00:00+00:00,2024-12-27 07:00:00+00:00,3377.08657,3397.55146122104,-587.4797668210902,-0.69,0 days 02:00:00,Closed
2024-12-27 20:00:00+00:00,2024-12-28 00:00:00+00:00,3352.297020189529,3333.0897126383807,428.0296156316962,0.49,0 days 04:00:00,Closed
2024-12-28 12:00:00+00:00,2024-12-28 17:00:00+00:00,3357.0596772316235,3387.4449528027694,-847.2007491382404,-0.99,0 days 05:00:00,Closed
2024-12-29 06:00:00+00:00,2024-12-29 14:00:00+00:00,3385.4725120211097,3399.160856533723,-415.6217250142462,-0.48,0 days 08:00:00,Closed
2024-12-30 03:00:00+00:00,2024-12-30 07:00:00+00:00,3417.5849679999997,3429.2009310000003,218.65641368828798,0.26,0 days 04:00:00,Closed
2024-12-30 14:00:00+00:00,2024-12-30 16:00:00+00:00,3334.7338893168408,3324.4870469999996,194.25372377642955,0.23,0 days 02:00:00,Closed
2024-12-30 23:00:00+00:00,2024-12-31 12:00:00+00:00,3358.967388,3392.9818,788.59685875323,0.93,0 days 13:00:00,Closed
2024-12-31 19:00:00+00:00,2025-01-01 00:00:00+00:00,3359.027710666137,3337.635558868706,483.1617464783382,0.56,0 days 05:00:00,Closed
2025-01-02 01:00:00+00:00,2025-01-02 08:00:00+00:00,3388.1671730296575,3420.5038692948565,-900.2159963642615,-1.03,0 days 07:00:00,Closed
2025-01-02 21:00:00+00:00,2025-01-03 14:00:00+00:00,3450.905068476926,3480.3704333039273,-825.9567002127283,-0.93,0 days 17:00:00,Closed
2025-01-04 03:00:00+00:00,2025-01-04 10:00:00+00:00,3594.2704277365415,3589.6799128960656,40.67489852203212,0.05,0 days 07:00:00,Closed
2025-01-04 10:00:00+00:00,2025-01-04 14:00:00+00:00,3589.6265649999996,3621.3603329887596,676.5283393140389,0.8,0 days 04:00:00,Closed
2025-01-05 08:00:00+00:00,2025-01-05 11:00:00+00:00,3629.096330309357,3615.774407,246.49227690061076,0.29,0 days 03:00:00,Closed
2025-01-05 23:00:00+00:00,2025-01-06 02:00:00+00:00,3642.8707019988187,3648.7943099999998,-209.07662533791043,-0.24,0 days 03:00:00,Closed
2025-01-06 15:00:00+00:00,2025-01-07 13:00:00+00:00,3682.899866925488,3672.3764068730675,179.62179602757575,0.21,0 days 22:00:00,Closed
2025-01-10 07:00:00+00:00,2025-01-10 10:00:00+00:00,3277.532965,3300.279619,522.1163186466989,0.61,0 days 03:00:00,Closed
2025-01-10 17:00:00+00:00,2025-01-11 08:00:00+00:00,3246.1892765883003,3240.0751059169224,98.48918587254578,0.11,0 days 15:00:00,Closed
2025-01-11 15:00:00+00:00,2025-01-11 18:00:00+00:00,3278.273187,3269.9187300000003,-286.84522895399476,-0.33,0 days 03:00:00,Closed
2025-01-12 09:00:00+00:00,2025-01-12 22:00:00+00:00,3239.511140496584,3264.564051549967,592.4538938279144,0.69,0 days 13:00:00,Closed
2025-01-13 11:00:00+00:00,2025-01-13 14:00:00+00:00,3118.775352,3058.542162,-1729.003218179764,-2.01,0 days 03:00:00,Closed
2025-01-14 03:00:00+00:00,2025-01-14 09:00:00+00:00,3155.1742441493184,3183.05979776654,-824.3175773218707,-0.96,0 days 06:00:00,Closed
2025-01-14 22:00:00+00:00,2025-01-15 14:00:00+00:00,3213.525533473149,3295.0417909683065,-2304.0667677865813,-2.62,0 days 16:00:00,Closed
2025-01-16 03:00:00+00:00,2025-01-16 10:00:00+00:00,3380.1776102896206,3336.4376611083317,1040.6135726589955,1.21,0 days 07:00:00,Closed
2025-01-17 01:00:00+00:00,2025-01-17 05:00:00+00:00,3313.783837,3368.679093,1295.1126211205499,1.58,0 days 04:00:00,Closed
2025-01-18 03:00:00+00:00,2025-01-18 06:00:00+00:00,3446.645102669238,3329.3104240953,2883.015144607349,3.33,0 days 03:00:00,Closed
2025-01-18 23:00:00+00:00,2025-01-19 08:00:00+00:00,3280.353811,3274.037494,-235.30296399401885,-0.27,0 days 09:00:00,Closed
2025-01-19 21:00:00+00:00,2025-01-20 06:00:00+00:00,3355.4831546966548,3288.077422216967,1907.5740069619414,1.93,0 days 09:00:00,Closed
2025-01-20 19:00:00+00:00,2025-01-21 07:00:00+00:00,3322.099522965086,3244.5800012263217,2213.4891338035723,2.25,0 days 12:00:00,Closed
2025-01-21 15:00:00+00:00,2025-01-22 08:00:00+00:00,3289.76482728363,3291.894238397882,-139.19334797465194,-0.14,0 days 17:00:00,Closed
2025-01-23 14:00:00+00:00,2025-01-23 19:00:00+00:00,3233.909882,3238.92803,67.67729632456201,0.08,0 days 05:00:00,Closed
2025-01-24 21:00:00+00:00,2025-01-25 15:00:00+00:00,3328.8483549999996,3313.3656920000003,-491.3596816726884,-0.54,0 days 18:00:00,Closed
2025-01-26 09:00:00+00:00,2025-01-26 10:00:00+00:00,3329.5708290000002,3297.9891,779.3079592389959,0.87,0 days 01:00:00,Closed
2025-01-27 21:00:00+00:00,2025-01-28 01:00:00+00:00,3144.923194,3165.270134,512.6471711422871,0.57,0 days 04:00:00,Closed
2025-01-28 14:00:00+00:00,2025-01-28 17:00:00+00:00,3173.194633307483,3150.525989771015,578.0535012287856,0.63,0 days 03:00:00,Closed
2025-01-29 12:00:00+00:00,2025-01-29 19:00:00+00:00,3131.6077852338617,3127.15722630869,58.83692202426256,0.06,0 days 07:00:00,Closed
2025-01-30 08:00:00+00:00,2025-01-30 13:00:00+00:00,3188.633248195513,3219.4168939558704,-959.5009003870106,-1.05,0 days 05:00:00,Closed
2025-01-31 02:00:00+00:00,2025-01-31 11:00:00+00:00,3266.930771208726,3269.24623699179,-143.5479435593492,-0.15,0 days 09:00:00,Closed
2025-02-01 00:00:00+00:00,2025-02-01 06:00:00+00:00,3298.4895903484366,3299.9637244739565,-114.54842926185636,-0.12,0 days 06:00:00,Closed
2025-02-03 16:00:00+00:00,2025-02-03 22:00:00+00:00,2698.1036847088776,2813.0317138484143,-4089.717806667699,-4.34,0 days 06:00:00,Closed
2025-02-04 11:00:00+00:00,2025-02-06 17:00:00+00:00,2745.2369658683892,2730.6602833392312,576.9920841587648,0.45,2 days 06:00:00,Closed
2025-02-07 12:00:00+00:00,2025-02-07 20:00:00+00:00,2758.4342530234885,2677.224066919603,2615.856494115137,2.87,0 days 08:00:00,Closed
2025-02-09 02:00:00+00:00,2025-02-09 03:00:00+00:00,2647.355555,2638.8814270000003,215.01000322148758,0.24,0 days 01:00:00,Closed
2025-02-09 16:00:00+00:00,2025-02-09 21:00:00+00:00,2650.639243973872,2636.8263210815066,406.54346473556393,0.44,0 days 05:00:00,Closed
2025-02-10 12:00:00+00:00,2025-02-11 00:00:00+00:00,2651.5665738390107,2661.675274925403,-439.57991233420034,-0.46,0 days 12:00:00,Closed
2025-02-11 13:00:00+00:00,2025-02-11 19:00:00+00:00,2681.401366590201,2611.580923153192,2388.918343446966,2.52,0 days 06:00:00,Closed
2025-02-12 13:00:00+00:00,2025-02-12 17:00:00+00:00,2625.4740502606937,2648.0775965012554,-887.4427589458372,-0.94,0 days 04:00:00,Closed
2025-02-13 06:00:00+00:00,2025-02-13 13:00:00+00:00,2716.3861303899866,2655.8459911699424,2079.2539259396767,2.15,0 days 07:00:00,Closed
2025-02-14 04:00:00+00:00,2025-02-14 17:00:00+00:00,2712.5001293942414,2741.4526381221317,-1106.6874582250778,-1.15,0 days 13:00:00,Closed
2025-02-15 06:00:00+00:00,2025-02-15 08:00:00+00:00,2720.225910755069,2697.168908,714.0887497917759,0.77,0 days 02:00:00,Closed
2025-02-16 05:00:00+00:00,2025-02-16 18:00:00+00:00,2703.230726,2685.79402,-673.0475548376794,-0.72,0 days 13:00:00,Closed
2025-02-17 07:00:00+00:00,2025-02-17 10:00:00+00:00,2686.125596,2722.3380535,1168.5954963400818,1.27,0 days 03:00:00,Closed
2025-02-17 18:00:00+00:00,2025-02-17 21:00:00+00:00,2729.660264426917,2731.9446374867557,-156.29024663890613,-0.16,0 days 03:00:00,Closed
2025-02-19 07:00:00+00:00,2025-02-20 14:00:00+00:00,2697.7381838640745,2743.219249149535,-1781.9721595858011,-1.77,1 days 07:00:00,Closed
2025-02-21 03:00:00+00:00,2025-02-21 06:00:00+00:00,2736.010557,2754.1735,533.5163154015344,0.58,0 days 03:00:00,Closed
2025-02-21 15:00:00+00:00,2025-02-21 20:00:00+00:00,2794.277514207775,2659.5481603823146,4830.441953893284,4.74,0 days 05:00:00,Closed
2025-02-22 09:00:00+00:00,2025-02-22 10:00:00+00:00,2690.2168229999997,2712.905884,738.5048769335398,0.76,0 days 01:00:00,Closed
2025-02-24 03:00:00+00:00,2025-02-24 04:00:00+00:00,2774.687344,2717.384971,1936.9687595008834,1.99,0 days 01:00:00,Closed
2025-02-25 22:00:00+00:00,2025-02-26 13:00:00+00:00,2508.621796410433,2436.2512212744205,3074.1903096895567,2.81,0 days 15:00:00,Closed
2025-02-27 09:00:00+00:00,2025-02-27 21:00:00+00:00,2347.6669447894747,2293.587117295839,2494.669852104841,2.22,0 days 12:00:00,Closed
2025-02-28 19:00:00+00:00,2025-03-01 14:00:00+00:00,2225.174071956041,2159.3063354024157,3401.1018323876883,2.88,0 days 19:00:00,Closed
2025-03-02 04:00:00+00:00,2025-03-02 15:00:00+00:00,2218.858140124344,2205.1808664328546,597.5952014691713,0.54,0 days 11:00:00,Closed
2025-03-03 04:00:00+00:00,2025-03-03 08:00:00+00:00,2439.461910618006,2380.411463715068,2554.258807306511,2.34,0 days 04:00:00,Closed
2025-03-04 20:00:00+00:00,2025-03-04 22:00:00+00:00,2172.321501,2176.2069420000003,110.22373501328381,0.1,0 days 02:00:00,Closed
2025-03-06 14:00:00+00:00,2025-03-06 18:00:00+00:00,2243.503972046734,2192.441020196285,2575.2171652889456,2.2,0 days 04:00:00,Closed
2025-03-07 14:00:00+00:00,2025-03-07 15:00:00+00:00,2188.2162679999997,2220.13376,1574.5098685329947,1.38,0 days 01:00:00,Closed
2025-03-07 22:00:00+00:00,2025-03-08 05:00:00+00:00,2137.5960270346354,2149.683139196943,-767.3175441350155,-0.65,0 days 07:00:00,Closed
2025-03-08 14:00:00+00:00,2025-03-08 19:00:00+00:00,2188.495588120883,2208.1449521690006,-1136.4920082293852,-0.98,0 days 05:00:00,Closed
2025-03-09 08:00:00+00:00,2025-03-09 09:00:00+00:00,2183.414779,2175.9525900000003,298.4148263109124,0.26,0 days 01:00:00,Closed
2025-03-10 08:00:00+00:00,2025-03-10 09:00:00+00:00,2073.5777399999997,2061.7183299999997,562.2372539244,0.49,0 days 01:00:00,Closed
2025-03-11 09:00:00+00:00,2025-03-13 00:00:00+00:00,1902.5210573885824,1891.9132363806518,696.3697948289284,0.48,1 days 15:00:00,Closed
2025-03-13 13:00:00+00:00,2025-03-13 14:00:00+00:00,1895.721113,1870.9011019999998,1420.3721822895839,1.23,0 days 01:00:00,Closed
2025-03-14 08:00:00+00:00,2025-03-14 15:00:00+00:00,1891.7731566263678,1918.8468503683569,-1768.5894601803475,-1.51,0 days 07:00:00,Closed
2025-03-15 04:00:00+00:00,2025-03-16 10:00:00+00:00,1919.701252848926,1909.47425862676,559.9409405130177,0.45,1 days 06:00:00,Closed
2025-03-17 12:00:00+00:00,2025-03-17 13:00:00+00:00,1910.2929159999999,1906.92775,-296.2884898311196,-0.26,0 days 01:00:00,Closed
2025-03-18 09:00:00+00:00,2025-03-19 01:00:00+00:00,1908.3423309999998,1930.3635774628274,1238.8142746641543,1.07,0 days 16:00:00,Closed
2025-03-20 10:00:00+00:00,2025-03-20 11:00:00+00:00,2004.038608,1982.314516,1171.701770821619,1.0,0 days 01:00:00,Closed
2025-03-22 00:00:00+00:00,2025-03-22 03:00:00+00:00,1965.3994429999998,1980.995523,840.2438454261422,0.71,0 days 03:00:00,Closed
2025-03-23 17:00:00+00:00,2025-03-23 23:00:00+00:00,1995.5577038400488,1987.2056365594897,405.2274596356808,0.34,0 days 06:00:00,Closed
2025-03-24 06:00:00+00:00,2025-03-24 07:00:00+00:00,2048.574388,2065.000314,858.9889003764449,0.72,0 days 01:00:00,Closed
2025-03-25 03:00:00+00:00,2025-03-25 04:00:00+00:00,2061.531355,2042.872678,989.9323041525726,0.83,0 days 01:00:00,Closed
2025-03-25 11:00:00+00:00,2025-03-25 18:00:00+00:00,2070.280898,2074.77738,165.76530341648356,0.14,0 days 07:00:00,Closed
2025-03-26 14:00:00+00:00,2025-03-26 19:00:00+00:00,2027.7081299999998,1993.3518150000002,-2147.3685794299186,-1.77,0 days 05:00:00,Closed
2025-03-27 08:00:00+00:00,2025-03-27 09:00:00+00:00,2026.037629,2024.132578,-206.91524389718495,-0.17,0 days 01:00:00,Closed
2025-03-27 09:00:00+00:00,2025-03-27 17:00:00+00:00,2023.78052195083,2009.31089818421,773.8659089516581,0.64,0 days 08:00:00,Closed
2025-03-30 08:00:00+00:00,2025-03-30 13:00:00+00:00,1836.0504066254673,1833.8441039372847,48.94146796465287,0.04,0 days 05:00:00,Closed
2025-03-31 15:00:00+00:00,2025-04-01 08:00:00+00:00,1837.763864185313,1853.0143616030232,-1146.3989381201372,-0.91,0 days 17:00:00,Closed
2025-04-01 21:00:00+00:00,2025-04-02 06:00:00+00:00,1910.861105705071,1874.0288198253854,2260.1363928634782,1.85,0 days 09:00:00,Closed
2025-04-02 20:00:00+00:00,2025-04-02 23:00:00+00:00,1909.083301343705,1831.6238503173513,4950.850410854682,3.98,0 days 03:00:00,Closed
2025-04-04 08:00:00+00:00,2025-04-04 10:00:00+00:00,1816.3249389999999,1829.0342283015048,-979.7917064325889,-0.78,0 days 02:00:00,Closed
2025-04-04 23:00:00+00:00,2025-04-05 13:00:00+00:00,1817.625089788399,1798.0019121431253,1287.6766564810493,1.0,0 days 14:00:00,Closed
2025-04-06 04:00:00+00:00,2025-04-06 13:00:00+00:00,1808.3359270987894,1787.5631504823343,1369.9280732212087,1.07,0 days 09:00:00,Closed
2025-04-07 14:00:00+00:00,2025-04-07 21:00:00+00:00,1549.974853,1569.738937,1520.4798652931024,1.19,0 days 07:00:00,Closed
2025-04-08 16:00:00+00:00,2025-04-09 01:00:00+00:00,1531.209225,1466.3499630000001,-5556.503639936808,-4.31,0 days 09:00:00,Closed
2025-04-09 14:00:00+00:00,2025-04-09 17:00:00+00:00,1487.136007,1501.5494,1095.4104838171818,0.89,0 days 03:00:00,Closed
2025-04-10 11:00:00+00:00,2025-04-10 15:00:00+00:00,1594.4782,1564.3505539999999,-2447.907608821043,-1.97,0 days 04:00:00,Closed
2025-04-11 04:00:00+00:00,2025-04-11 06:00:00+00:00,1544.093089,1547.9854650000002,209.63035867735647,0.17,0 days 02:00:00,Closed
2025-04-13 04:00:00+00:00,2025-04-13 05:00:00+00:00,1623.11292,1608.7624839999999,982.3830937980861,0.8,0 days 01:00:00,Closed
2025-04-13 17:00:00+00:00,2025-04-13 19:00:00+00:00,1595.488503,1628.601273,2454.980830948716,1.99,0 days 02:00:00,Closed
2025-04-15 01:00:00+00:00,2025-04-15 20:00:00+00:00,1630.88912,1605.688149,-2039.491245497523,-1.62,0 days 19:00:00,Closed
2025-04-16 09:00:00+00:00,2025-04-16 17:00:00+00:00,1575.122395,1590.3674603117574,1096.0227329618742,0.89,0 days 08:00:00,Closed
2025-04-17 06:00:00+00:00,2025-04-17 08:00:00+00:00,1598.759484,1600.5097030000002,36.667770867935424,0.03,0 days 02:00:00,Closed
2025-04-18 07:00:00+00:00,2025-04-18 13:00:00+00:00,1580.954144,1591.972265,768.5354279669857,0.62,0 days 06:00:00,Closed
2025-04-20 07:00:00+00:00,2025-04-20 08:00:00+00:00,1604.298566,1597.108989,461.9205555158575,0.37,0 days 01:00:00,Closed
2025-04-20 20:00:00+00:00,2025-04-21 00:00:00+00:00,1585.815602,1586.094029,-78.59963674808978,-0.06,0 days 04:00:00,Closed
2025-04-21 16:00:00+00:00,2025-04-21 17:00:00+00:00,1622.01325,1589.3566640000001,2433.048709959681,1.93,0 days 01:00:00,Closed
2025-04-22 07:00:00+00:00,2025-04-22 08:00:00+00:00,1583.4448909999999,1618.1144199999999,2703.556931072262,2.11,0 days 01:00:00,Closed
2025-04-24 03:00:00+00:00,2025-04-24 08:00:00+00:00,1778.943523,1755.07332,-1860.6962606626291,-1.42,0 days 05:00:00,Closed
2025-04-24 21:00:00+00:00,2025-04-24 23:00:00+00:00,1761.8483959999999,1758.762213,-329.2203095839135,-0.26,0 days 02:00:00,Closed
2025-04-24 23:00:00+00:00,2025-04-25 14:00:00+00:00,1758.9131265310177,1769.2540774745535,-923.4984638148799,-0.67,0 days 15:00:00,Closed
2025-04-26 03:00:00+00:00,2025-04-26 08:00:00+00:00,1806.3903177636014,1800.0879568837836,349.8342264069903,0.27,0 days 05:00:00,Closed
2025-04-26 21:00:00+00:00,2025-04-27 00:00:00+00:00,1804.488491,1820.4489509749712,-1236.6075378983803,-0.96,0 days 03:00:00,Closed
2025-04-27 13:00:00+00:00,2025-04-27 15:00:00+00:00,1794.691431,1796.0523337980044,-197.83395690520038,-0.16,0 days 02:00:00,Closed
2025-04-29 06:00:00+00:00,2025-04-29 23:00:00+00:00,1794.5362189656194,1794.1064693708631,-75.29686837091505,-0.06,0 days 17:00:00,Closed
2025-05-01 01:00:00+00:00,2025-05-01 04:00:00+00:00,1797.4090609999998,1806.737816,555.7233617054637,0.44,0 days 03:00:00,Closed
2025-05-02 07:00:00+00:00,2025-05-02 19:00:00+00:00,1831.8712738822894,1839.7499576109044,446.0261994174102,0.35,0 days 12:00:00,Closed
2025-05-03 08:00:00+00:00,2025-05-03 23:00:00+00:00,1826.1276739999998,1839.4871403357367,831.3370111512822,0.65,0 days 15:00:00,Closed
2025-05-04 20:00:00+00:00,2025-05-04 22:00:00+00:00,1828.1382769999998,1833.869674,299.84666772758874,0.23,0 days 02:00:00,Closed
2025-05-05 11:00:00+00:00,2025-05-06 01:00:00+00:00,1804.4836927513702,1813.9576596594206,573.2852511307287,0.44,0 days 14:00:00,Closed
2025-05-06 14:00:00+00:00,2025-05-06 20:00:00+00:00,1758.6974509999998,1786.014035,1904.8206723586447,1.47,0 days 06:00:00,Closed
2025-05-07 15:00:00+00:00,2025-05-07 17:00:00+00:00,1822.04645,1810.3567300000002,-946.7560822561612,-0.72,0 days 02:00:00,Closed
2025-05-11 13:00:00+00:00,2025-05-11 14:00:00+00:00,2513.6656740000003,2468.950463,2214.9297797469712,1.7,0 days 01:00:00,Closed
2025-05-11 21:00:00+00:00,2025-05-12 08:00:00+00:00,2509.442607,2534.2944835,1205.8683387306635,0.91,0 days 11:00:00,Closed
2025-05-12 23:00:00+00:00,2025-05-13 02:00:00+00:00,2485.435407,2451.2044180000003,-1948.0230276813063,-1.46,0 days 03:00:00,Closed
2025-05-14 09:00:00+00:00,2025-05-15 07:00:00+00:00,2597.17892,2571.808226,-1392.2109592518625,-1.06,0 days 22:00:00,Closed
2025-05-15 20:00:00+00:00,2025-05-16 09:00:00+00:00,2530.528931,2583.710464416133,2634.8338693945325,2.02,0 days 13:00:00,Closed
2025-05-17 00:00:00+00:00,2025-05-18 09:00:00+00:00,2536.470713,2515.515119,-1204.9698547162081,-0.91,1 days 09:00:00,Closed
2025-05-18 16:00:00+00:00,2025-05-18 17:00:00+00:00,2577.296579,2573.451804,91.27745422529267,0.07,0 days 01:00:00,Closed
2025-05-19 17:00:00+00:00,2025-05-20 02:00:00+00:00,2507.9598294703133,2539.5068733467974,-1835.947420579437,-1.34,0 days 09:00:00,Closed
2025-05-20 15:00:00+00:00,2025-05-20 16:00:00+00:00,2466.919702,2482.264456,-913.5599087504795,-0.7,0 days 01:00:00,Closed
2025-05-21 04:00:00+00:00,2025-05-21 06:00:00+00:00,2542.996872,2593.0546028961708,-2647.076979359789,-2.05,0 days 02:00:00,Closed
2025-05-21 19:00:00+00:00,2025-05-22 01:00:00+00:00,2472.9937314959793,2582.2402521844124,-5726.773699140907,-4.5,0 days 06:00:00,Closed
2025-05-22 14:00:00+00:00,2025-05-23 11:00:00+00:00,2643.469491171087,2672.214751402108,-1532.7207213769043,-1.17,0 days 21:00:00,Closed
2025-05-24 15:00:00+00:00,2025-05-24 23:00:00+00:00,2556.428589284576,2525.2270932873375,1387.193427467763,1.14,0 days 08:00:00,Closed
2025-05-25 23:00:00+00:00,2025-05-26 07:00:00+00:00,2547.306891564186,2582.0673691829393,-1768.8740141919793,-1.45,0 days 08:00:00,Closed
2025-05-26 20:00:00+00:00,2025-05-27 04:00:00+00:00,2539.2383348241465,2550.2898314016848,-619.5224249851431,-0.52,0 days 08:00:00,Closed
2025-05-27 17:00:00+00:00,2025-05-28 07:00:00+00:00,2668.533272061238,2643.968332071297,1035.0545217667482,0.84,0 days 14:00:00,Closed
2025-05-28 07:00:00+00:00,2025-05-28 14:00:00+00:00,2627.357971,2655.49427603033,1181.5483725256101,0.99,0 days 07:00:00,Closed
2025-05-29 12:00:00+00:00,2025-05-29 17:00:00+00:00,2713.0793128765836,2649.762116474257,2782.0580018077508,2.25,0 days 05:00:00,Closed
2025-05-31 16:00:00+00:00,2025-06-01 03:00:00+00:00,2533.790553640763,2516.7933989199596,750.1134770262627,0.59,0 days 11:00:00,Closed
2025-06-02 00:00:00+00:00,2025-06-02 07:00:00+00:00,2536.8290354705127,2501.276135988512,1662.687595167331,1.32,0 days 07:00:00,Closed
2025-06-02 14:00:00+00:00,2025-06-02 17:00:00+00:00,2504.511128,2544.4264430000003,1901.4464292864575,1.51,0 days 03:00:00,Closed
2025-06-03 21:00:00+00:00,2025-06-04 03:00:00+00:00,2612.6281154665285,2611.766531369345,-61.64620815140966,-0.05,0 days 06:00:00,Closed
2025-06-04 16:00:00+00:00,2025-06-05 06:00:00+00:00,2664.698022545469,2618.0169933550474,2215.0622543430068,1.67,0 days 14:00:00,Closed
2025-06-06 11:00:00+00:00,2025-06-07 22:00:00+00:00,2480.251854647629,2519.9674130925955,-2362.887557424391,-1.68,1 days 11:00:00,Closed
2025-06-08 11:00:00+00:00,2025-06-08 13:00:00+00:00,2501.3493699999995,2507.6202465722954,-421.3389827798487,-0.33,0 days 02:00:00,Closed
2025-06-08 13:00:00+00:00,2025-06-08 22:00:00+00:00,2507.575910192435,2533.279052144009,1199.2507337686297,0.94,0 days 09:00:00,Closed
2025-06-09 11:00:00+00:00,2025-06-09 13:00:00+00:00,2534.840224,2543.43674,331.8669815267341,0.26,0 days 02:00:00,Closed
2025-06-11 22:00:00+00:00,2025-06-12 05:00:00+00:00,2779.501291284258,2762.480588149542,704.027958844452,0.53,0 days 07:00:00,Closed
2025-06-13 16:00:00+00:00,2025-06-14 13:00:00+00:00,2548.876140625332,2537.238414440113,522.2685457978122,0.38,0 days 21:00:00,Closed
2025-06-15 04:00:00+00:00,2025-06-15 06:00:00+00:00,2529.798712,2549.474928,904.5594626755616,0.7,0 days 02:00:00,Closed
2025-06-16 22:00:00+00:00,2025-06-16 23:00:00+00:00,2646.875699,2569.420595,3719.042204028241,2.85,0 days 01:00:00,Closed
2025-06-18 07:00:00+00:00,2025-06-18 14:00:00+00:00,2521.373004578505,2497.9313562127295,1176.57682650162,0.85,0 days 07:00:00,Closed
2025-06-19 09:00:00+00:00,2025-06-19 15:00:00+00:00,2521.5469909630547,2496.901420874804,1244.2339701429796,0.9,0 days 06:00:00,Closed
2025-06-20 07:00:00+00:00,2025-06-20 16:00:00+00:00,2518.9917656951006,2514.937982927834,112.58205734087578,0.08,0 days 09:00:00,Closed
2025-06-21 13:00:00+00:00,2025-06-21 18:00:00+00:00,2433.812710700076,2398.876396310632,1890.1942452109258,1.36,0 days 05:00:00,Closed
2025-06-23 06:00:00+00:00,2025-06-23 14:00:00+00:00,2244.696625616365,2293.6167727619663,-3177.215833692181,-2.26,0 days 08:00:00,Closed
2025-06-24 03:00:00+00:00,2025-06-24 16:00:00+00:00,2390.540683769461,2436.320542365311,-2790.916227655039,-2.0,0 days 13:00:00,Closed
2025-06-25 05:00:00+00:00,2025-06-25 16:00:00+00:00,2433.399179713066,2405.9785113465064,1427.4865443839064,1.05,0 days 11:00:00,Closed
2025-06-26 03:00:00+00:00,2025-06-26 17:00:00+00:00,2489.791635234067,2439.19617142434,2763.685441017113,1.95,0 days 14:00:00,Closed
2025-06-28 08:00:00+00:00,2025-06-29 09:00:00+00:00,2429.775585846537,2443.1782079016825,-897.1523863367479,-0.63,1 days 01:00:00,Closed
2025-06-29 22:00:00+00:00,2025-06-30 06:00:00+00:00,2430.7290013819106,2502.8168581944096,-4224.8910195617555,-3.05,0 days 08:00:00,Closed
2025-07-02 09:00:00+00:00,2025-07-02 15:00:00+00:00,2447.1725234463825,2468.834719225677,-1288.4156768522494,-0.97,0 days 06:00:00,Closed
2025-07-03 04:00:00+00:00,2025-07-03 09:00:00+00:00,2559.4419369999996,2587.774094943754,-1550.335594850654,-1.19,0 days 05:00:00,Closed
2025-07-03 22:00:00+00:00,2025-07-04 04:00:00+00:00,2593.298355738025,2577.4566647699567,696.2182964492223,0.53,0 days 06:00:00,Closed
2025-07-04 04:00:00+00:00,2025-07-04 07:00:00+00:00,2577.443001,2556.472828,-1158.5620021437483,-0.89,0 days 03:00:00,Closed
2025-07-04 20:00:00+00:00,2025-07-05 07:00:00+00:00,2482.334477,2525.432143,2127.9489025687135,1.66,0 days 11:00:00,Closed
2025-07-05 07:00:00+00:00,2025-07-05 19:00:00+00:00,2525.074493880759,2492.788255318714,1606.9379898105553,1.2,0 days 12:00:00,Closed
2025-07-06 06:00:00+00:00,2025-07-06 09:00:00+00:00,2510.562943,2511.136433,-75.61528762705663,-0.06,0 days 03:00:00,Closed
2025-07-06 09:00:00+00:00,2025-07-06 13:00:00+00:00,2511.118101056901,2519.711137216098,-560.5454604025873,-0.42,0 days 04:00:00,Closed
2025-07-07 02:00:00+00:00,2025-07-07 17:00:00+00:00,2561.2983674596835,2537.39147443088,1168.6968695962887,0.85,0 days 15:00:00,Closed
2025-07-08 07:00:00+00:00,2025-07-08 13:00:00+00:00,2557.0506479660016,2582.335281753162,-1433.3516225374174,-1.07,0 days 06:00:00,Closed
2025-07-09 02:00:00+00:00,2025-07-09 05:00:00+00:00,2603.029528312327,2602.68057,-88.33543641095042,-0.07,0 days 03:00:00,Closed
2025-07-09 18:00:00+00:00,2025-07-09 19:00:00+00:00,2659.791823,2717.705067,-2964.998927918263,-2.26,0 days 01:00:00,Closed
2025-07-10 08:00:00+00:00,2025-07-10 18:00:00+00:00,2788.3819140223,2828.5905764980407,-1999.1082212376466,-1.52,0 days 10:00:00,Closed
2025-07-11 07:00:00+00:00,2025-07-11 09:00:00+00:00,2987.2645608226994,3003.8908969999998,-815.0453369746041,-0.64,0 days 02:00:00,Closed
2025-07-11 22:00:00+00:00,2025-07-12 16:00:00+00:00,2962.876627081887,2917.161695420988,1941.5274314608191,1.46,0 days 18:00:00,Closed
2025-07-13 06:00:00+00:00,2025-07-13 14:00:00+00:00,2948.395433906946,2988.5406724167733,-1855.3567645629,-1.44,0 days 08:00:00,Closed
2025-07-14 03:00:00+00:00,2025-07-14 19:00:00+00:00,3000.360047143003,3002.303360699802,-192.89886465477042,-0.14,0 days 16:00:00,Closed
2025-07-15 13:00:00+00:00,2025-07-15 14:00:00+00:00,3000.29982,3049.6148410000005,1960.0295596172339,1.56,0 days 01:00:00,Closed
2025-07-17 20:00:00+00:00,2025-07-17 23:00:00+00:00,3409.7467690000003,3466.567242094158,-2225.303529875992,-1.75,0 days 03:00:00,Closed
2025-07-18 12:00:00+00:00,2025-07-18 20:00:00+00:00,3610.4879100378766,3570.4351012956977,1301.849448834851,1.03,0 days 08:00:00,Closed
2025-07-20 03:00:00+00:00,2025-07-20 11:00:00+00:00,3614.526567151958,3698.395409548038,-3061.172184851508,-2.4,0 days 08:00:00,Closed
2025-07-21 00:00:00+00:00,2025-07-21 11:00:00+00:00,3754.273939405323,3810.5723897982457,-1997.6605199124722,-1.58,0 days 11:00:00,Closed
2025-07-22 00:00:00+00:00,2025-07-22 01:00:00+00:00,3759.821715,3742.5624319999997,460.35446019762946,0.38,0 days 01:00:00,Closed
2025-07-24 14:00:00+00:00,2025-07-24 20:00:00+00:00,3630.348778,3729.68076,3234.93408927939,2.66,0 days 06:00:00,Closed
2025-07-25 03:00:00+00:00,2025-07-25 08:00:00+00:00,3612.9852067009583,3632.239528915926,-781.9629492828798,-0.61,0 days 05:00:00,Closed
2025-07-25 15:00:00+00:00,2025-07-26 05:00:00+00:00,3628.5722411378665,3723.0464269210743,3136.0705234164184,2.52,0 days 14:00:00,Closed
2025-07-28 13:00:00+00:00,2025-07-28 14:00:00+00:00,3868.659054,3843.95284,712.2359832656504,0.56,0 days 01:00:00,Closed
2025-07-29 07:00:00+00:00,2025-07-29 08:00:00+00:00,3828.888322,3875.397032,1453.3446252839344,1.13,0 days 01:00:00,Closed
2025-07-29 15:00:00+00:00,2025-07-29 22:00:00+00:00,3779.0441599026594,3780.4249189559637,-153.89336665706057,-0.12,0 days 07:00:00,Closed
2025-07-30 06:00:00+00:00,2025-07-30 14:00:00+00:00,3806.838286308004,3769.9012362355397,1181.4429769251929,0.89,0 days 08:00:00,Closed
2025-07-31 03:00:00+00:00,2025-07-31 15:00:00+00:00,3859.5289917372043,3787.899528397906,2383.0455626425533,1.78,0 days 12:00:00,Closed
2025-08-03 09:00:00+00:00,2025-08-04 00:00:00+00:00,3460.0692735286875,3495.7906066182236,-1504.9416732495654,-1.11,0 days 15:00:00,Closed
2025-08-04 13:00:00+00:00,2025-08-04 16:00:00+00:00,3567.619393,3646.8312397312147,-3026.2886884038653,-2.3,0 days 03:00:00,Closed
2025-08-05 05:00:00+00:00,2025-08-05 08:00:00+00:00,3646.525714,3631.6956799487884,419.95415658692207,0.33,0 days 03:00:00,Closed
2025-08-05 15:00:00+00:00,2025-08-06 05:00:00+00:00,3577.4028989999997,3571.32828,-321.89002367778966,-0.25,0 days 14:00:00,Closed
2025-08-10 10:00:00+00:00,2025-08-10 11:00:00+00:00,4222.722803,4198.069043,648.1447199675526,0.5,0 days 01:00:00,Closed
2025-08-10 18:00:00+00:00,2025-08-11 02:00:00+00:00,4224.176872999999,4280.0256070000005,1604.3550108911381,1.24,0 days 08:00:00,Closed
2025-08-11 10:00:00+00:00,2025-08-11 13:00:00+00:00,4261.334417556634,4183.474666,2373.2519445245025,1.75,0 days 03:00:00,Closed
2025-08-11 13:00:00+00:00,2025-08-12 03:00:00+00:00,4183.474666,4288.742991,3243.639815783533,2.44,0 days 14:00:00,Closed
2025-08-14 12:00:00+00:00,2025-08-14 13:00:00+00:00,4717.574303,4569.850543999999,4165.261697232763,3.05,0 days 01:00:00,Closed
2025-08-15 07:00:00+00:00,2025-08-15 15:00:00+00:00,4643.920483146922,4516.301130816456,3800.8702545454917,2.67,0 days 08:00:00,Closed
2025-08-17 04:00:00+00:00,2025-08-17 09:00:00+00:00,4449.232571005953,4533.477921551202,-2883.7335226656865,-1.97,0 days 05:00:00,Closed
2025-08-17 22:00:00+00:00,2025-08-18 01:00:00+00:00,4471.268217,4468.302296141741,-19.30558148333469,-0.01,0 days 03:00:00,Closed
2025-08-18 15:00:00+00:00,2025-08-19 03:00:00+00:00,4332.769441,4282.854758,-1742.6291531295237,-1.23,0 days 12:00:00,Closed
2025-08-19 16:00:00+00:00,2025-08-20 09:00:00+00:00,4191.587098999999,4235.6889120000005,1358.041412268317,0.97,0 days 17:00:00,Closed
2025-08-20 16:00:00+00:00,2025-08-21 10:00:00+00:00,4255.905886480673,4281.844085096703,-1053.3282612575547,-0.69,0 days 18:00:00,Closed
2025-08-22 07:00:00+00:00,2025-08-22 14:00:00+00:00,4291.505105395071,4282.689524805718,179.33973075698194,0.13,0 days 07:00:00,Closed
2025-08-23 03:00:00+00:00,2025-08-23 11:00:00+00:00,4712.476174780493,4713.955535904495,-159.8523019907326,-0.11,0 days 08:00:00,Closed
2025-08-23 11:00:00+00:00,2025-08-23 23:00:00+00:00,4712.9534619999995,4779.285784000001,1858.6873180500795,1.33,0 days 12:00:00,Closed
2025-08-25 04:00:00+00:00,2025-08-25 07:00:00+00:00,4723.893517729579,4630.498732999999,2717.2563374332,1.9,0 days 03:00:00,Closed
2025-08-26 12:00:00+00:00,2025-08-26 15:00:00+00:00,4426.897671,4548.944907000001,3870.695362708007,2.68,0 days 03:00:00,Closed
2025-08-27 19:00:00+00:00,2025-08-28 03:00:00+00:00,4584.559693064122,4512.447818271877,2340.4174469410586,1.49,0 days 08:00:00,Closed
2025-08-28 12:00:00+00:00,2025-08-28 19:00:00+00:00,4589.361379161628,4522.8266457297395,2124.3512895288795,1.37,0 days 07:00:00,Closed
2025-08-29 23:00:00+00:00,2025-08-30 01:00:00+00:00,4365.549271999999,4340.077586,-1014.6554325989212,-0.66,0 days 02:00:00,Closed
2025-08-30 14:00:00+00:00,2025-08-30 16:00:00+00:00,4357.876971,4372.397887,384.6046721890732,0.25,0 days 02:00:00,Closed
2025-08-30 23:00:00+00:00,2025-08-31 00:00:00+00:00,4357.516863,4370.6884,338.4589578325922,0.22,0 days 01:00:00,Closed
2025-08-31 23:00:00+00:00,2025-09-01 03:00:00+00:00,4440.167253730539,4386.608869700811,1760.5405092945614,1.13,0 days 04:00:00,Closed
2025-09-01 10:00:00+00:00,2025-09-01 17:00:00+00:00,4440.4917479999995,4351.99401,-3200.5503334220216,-2.07,0 days 07:00:00,Closed
2025-09-02 06:00:00+00:00,2025-09-02 11:00:00+00:00,4383.944789,4388.643012,41.02924694746673,0.03,0 days 05:00:00,Closed
2025-09-02 18:00:00+00:00,2025-09-03 13:00:00+00:00,4315.119612621472,4352.223051042741,-1487.3256991385542,-0.94,0 days 19:00:00,Closed
2025-09-04 02:00:00+00:00,2025-09-04 05:00:00+00:00,4463.363275090807,4391.176957999999,2375.5574597452637,1.54,0 days 03:00:00,Closed
2025-09-05 08:00:00+00:00,2025-09-05 12:00:00+00:00,4413.555753644232,4416.843051220525,-237.06329572017108,-0.15,0 days 04:00:00,Closed
2025-09-06 01:00:00+00:00,2025-09-06 03:00:00+00:00,4319.637076375428,4322.516366,-223.22161990273574,-0.15,0 days 02:00:00,Closed
2025-09-07 10:00:00+00:00,2025-09-08 13:00:00+00:00,4296.324155962974,4319.412248581086,-983.3352119352205,-0.62,1 days 03:00:00,Closed
2025-09-09 02:00:00+00:00,2025-09-09 06:00:00+00:00,4283.6745120000005,4318.12010409352,-1333.3328252691715,-0.88,0 days 04:00:00,Closed
2025-09-09 19:00:00+00:00,2025-09-09 21:00:00+00:00,4283.344611,4304.225106095988,-848.2353161859786,-0.57,0 days 02:00:00,Closed
2025-09-10 08:00:00+00:00,2025-09-10 12:00:00+00:00,4326.35595572967,4330.874867540194,-275.0100170364405,-0.18,0 days 04:00:00,Closed
2025-09-11 01:00:00+00:00,2025-09-11 06:00:00+00:00,4356.182753,4417.977448077387,-2223.1859417788537,-1.5,0 days 05:00:00,Closed
2025-09-11 19:00:00+00:00,2025-09-12 00:00:00+00:00,4416.656959484101,4457.900048930303,-1486.0645577100165,-1.01,0 days 05:00:00,Closed
2025-09-12 13:00:00+00:00,2025-09-12 17:00:00+00:00,4523.63559914068,4574.71346594686,-1752.7870444657103,-1.21,0 days 04:00:00,Closed
2025-09-13 06:00:00+00:00,2025-09-13 17:00:00+00:00,4719.459802111613,4638.548947473131,2395.087296646452,1.64,0 days 11:00:00,Closed
2025-09-14 00:00:00+00:00,2025-09-14 07:00:00+00:00,4666.139421999999,4663.290593,-204.80059167457,-0.14,0 days 07:00:00,Closed
2025-09-15 06:00:00+00:00,2025-09-15 09:00:00+00:00,4658.654673480241,4552.347116974298,3237.059172917955,2.2,0 days 03:00:00,Closed
2025-09-17 02:00:00+00:00,2025-09-17 04:00:00+00:00,4513.243567,4493.881431,-754.3487394895619,-0.51,0 days 02:00:00,Closed
2025-09-17 17:00:00+00:00,2025-09-17 18:00:00+00:00,4484.05438,4427.3278,1748.8565786027643,1.19,0 days 01:00:00,Closed
2025-09-18 07:00:00+00:00,2025-09-19 07:00:00+00:00,4568.157264982024,4527.580254362774,1295.3248265872408,0.81,1 days 00:00:00,Closed
2025-09-20 14:00:00+00:00,2025-09-20 16:00:00+00:00,4467.459836,4495.011092,807.5856410471023,0.54,0 days 02:00:00,Closed
2025-09-20 23:00:00+00:00,2025-09-21 11:00:00+00:00,4489.808010162348,4463.35662367948,782.8404749065902,0.51,0 days 12:00:00,Closed
2025-09-23 17:00:00+00:00,2025-09-24 04:00:00+00:00,4187.6096860660655,4147.54711767924,1388.694975282144,0.88,0 days 11:00:00,Closed
2025-09-24 17:00:00+00:00,2025-09-25 02:00:00+00:00,4169.368192915126,4114.958881185524,1921.2617217622083,1.23,0 days 09:00:00,Closed
2025-09-26 08:00:00+00:00,2025-09-26 17:00:00+00:00,3934.4029632856336,3987.3284646023485,-2315.0437788229915,-1.43,0 days 09:00:00,Closed
2025-09-27 06:00:00+00:00,2025-09-27 08:00:00+00:00,4016.8445849999994,4007.204784746684,245.14476467302865,0.16,0 days 02:00:00,Closed
2025-09-28 21:00:00+00:00,2025-09-28 22:00:00+00:00,4048.38512,4049.5044869999997,-165.13398067243418,-0.11,0 days 01:00:00,Closed
2025-09-29 11:00:00+00:00,2025-09-29 13:00:00+00:00,4113.06677010841,4097.098761,475.2677983843928,0.31,0 days 02:00:00,Closed
2025-09-30 02:00:00+00:00,2025-09-30 10:00:00+00:00,4199.287296535256,4154.537467338514,1532.8258427702276,0.99,0 days 08:00:00,Closed
2025-09-30 19:00:00+00:00,2025-10-01 08:00:00+00:00,4116.114464,4142.736806,879.3057409584576,0.57,0 days 13:00:00,Closed
2025-10-03 14:00:00+00:00,2025-10-03 16:00:00+00:00,4467.169447,4534.233963064115,-2469.388256889278,-1.58,0 days 02:00:00,Closed
2025-10-04 05:00:00+00:00,2025-10-04 11:00:00+00:00,4490.273153328154,4487.185541027458,-17.358077446888828,-0.01,0 days 06:00:00,Closed
2025-10-05 03:00:00+00:00,2025-10-05 07:00:00+00:00,4546.059976298437,4560.045027085295,-601.1111584369578,-0.39,0 days 04:00:00,Closed
2025-10-06 10:00:00+00:00,2025-10-06 13:00:00+00:00,4569.787329558789,4580.377556127931,-477.5571059915381,-0.31,0 days 03:00:00,Closed
2025-10-07 02:00:00+00:00,2025-10-07 13:00:00+00:00,4672.745302668933,4745.612096243175,-2556.7537537636426,-1.64,0 days 11:00:00,Closed
2025-10-08 16:00:00+00:00,2025-10-08 18:00:00+00:00,4446.43353,4535.628903,2887.211092748454,1.93,0 days 02:00:00,Closed
2025-10-09 01:00:00+00:00,2025-10-09 02:00:00+00:00,4507.657297000001,4478.583172,864.1069649044349,0.57,0 days 01:00:00,Closed
2025-10-12 11:00:00+00:00,2025-10-12 14:00:00+00:00,3816.4447229999996,3809.437086590627,159.40822351908437,0.1,0 days 03:00:00,Closed
2025-10-13 03:00:00+00:00,2025-10-13 19:00:00+00:00,4151.035031041381,4221.079291712379,-2974.512980029442,-1.77,0 days 16:00:00,Closed
2025-10-14 21:00:00+00:00,2025-10-15 15:00:00+00:00,4113.248924628995,4016.5422844958453,3728.896117911439,2.27,0 days 18:00:00,Closed
2025-10-16 11:00:00+00:00,2025-10-16 16:00:00+00:00,4045.5431427979197,3961.2013612452124,3165.23134602645,2.01,0 days 05:00:00,Closed
2025-10-16 20:00:00+00:00,2025-10-16 21:00:00+00:00,3864.8102089999998,3850.824901,445.04366281949547,0.28,0 days 01:00:00,Closed
2025-10-17 22:00:00+00:00,2025-10-19 08:00:00+00:00,3872.0747649814816,3887.2198941589813,-822.3315026015681,-0.47,1 days 10:00:00,Closed
2025-10-19 21:00:00+00:00,2025-10-20 03:00:00+00:00,3997.464759265262,3969.13742235422,999.3499013541133,0.63,0 days 06:00:00,Closed
2025-10-20 16:00:00+00:00,2025-10-20 18:00:00+00:00,4000.0771988522033,3950.7448679999998,1876.9115806028829,1.15,0 days 02:00:00,Closed
2025-10-21 14:00:00+00:00,2025-10-21 16:00:00+00:00,3865.929431,4079.185877,8710.58374136284,5.43,0 days 02:00:00,Closed
2025-10-21 23:00:00+00:00,2025-10-22 05:00:00+00:00,3896.726333306269,3877.9656115424996,702.5271055813869,0.4,0 days 06:00:00,Closed
2025-10-23 06:00:00+00:00,2025-10-23 08:00:00+00:00,3847.1237909999995,3878.5960720000003,1251.9861142616353,0.74,0 days 02:00:00,Closed
2025-10-23 15:00:00+00:00,2025-10-24 04:00:00+00:00,3845.2759972614786,3890.214845220922,-2236.0346425986613,-1.25,0 days 13:00:00,Closed
2025-10-24 17:00:00+00:00,2025-10-24 19:00:00+00:00,3886.753624000001,3911.050577515497,-1190.2270307718065,-0.71,0 days 02:00:00,Closed
2025-10-25 06:00:00+00:00,2025-10-26 09:00:00+00:00,3929.049219129501,3959.163276214834,-1476.4473494573515,-0.85,1 days 03:00:00,Closed
2025-10-26 22:00:00+00:00,2025-10-27 03:00:00+00:00,4077.932341727163,4202.780179827622,-5224.493274685227,-3.14,0 days 05:00:00,Closed
2025-10-27 16:00:00+00:00,2025-10-27 21:00:00+00:00,4170.115577453447,4161.880251061092,189.63527726747316,0.12,0 days 05:00:00,Closed
2025-10-28 13:00:00+00:00,2025-10-28 14:00:00+00:00,4121.236,4155.832876,1222.3874898741178,0.76,0 days 01:00:00,Closed
2025-10-29 03:00:00+00:00,2025-10-29 18:00:00+00:00,4002.2603179999996,4011.4262110000004,241.6240918998217,0.15,0 days 15:00:00,Closed
2025-10-30 07:00:00+00:00,2025-10-30 12:00:00+00:00,3912.563417,3878.3561440000003,-1550.0206097431048,-0.95,0 days 05:00:00,Closed
2025-10-31 01:00:00+00:00,2025-10-31 09:00:00+00:00,3831.0489699999994,3849.1049220000004,629.4490879252137,0.39,0 days 08:00:00,Closed
2025-10-31 09:00:00+00:00,2025-11-02 19:00:00+00:00,3849.7306870173206,3865.43482992114,-913.655738093225,-0.49,2 days 10:00:00,Closed
2025-11-05 12:00:00+00:00,2025-11-05 18:00:00+00:00,3320.1584747976253,3431.849386371459,-5573.060323631047,-3.45,0 days 06:00:00,Closed
2025-11-06 07:00:00+00:00,2025-11-06 09:00:00+00:00,3382.5054715278598,3384.6150799999996,-221.2983363517791,-0.14,0 days 02:00:00,Closed
2025-11-07 06:00:00+00:00,2025-11-07 12:00:00+00:00,3362.4137835910155,3270.162441310697,4311.007792329821,2.66,0 days 06:00:00,Closed
2025-11-07 19:00:00+00:00,2025-11-07 21:00:00+00:00,3425.867452,3462.101058,1555.4419228532724,0.98,0 days 02:00:00,Closed
2025-11-08 12:00:00+00:00,2025-11-09 14:00:00+00:00,3412.563462,3455.6729870000004,1900.97143399999,1.18,1 days 02:00:00,Closed
2025-11-10 14:00:00+00:00,2025-11-10 15:00:00+00:00,3612.825827,3541.062,3101.812401477194,1.91,0 days 01:00:00,Closed
2025-11-10 22:00:00+00:00,2025-11-11 14:00:00+00:00,3541.172033,3529.930703,-658.4577155314,-0.4,0 days 16:00:00,Closed
2025-11-12 03:00:00+00:00,2025-11-12 11:00:00+00:00,3426.9777849999996,3506.227816,3683.644668254331,2.23,0 days 08:00:00,Closed
2025-11-12 18:00:00+00:00,2025-11-13 01:00:00+00:00,3426.693410362261,3411.9870434694562,599.4319488015943,0.35,0 days 07:00:00,Closed
2025-11-13 08:00:00+00:00,2025-11-13 16:00:00+00:00,3533.4936743716885,3443.5739264179683,4362.897747552675,2.47,0 days 08:00:00,Closed
2025-11-15 14:00:00+00:00,2025-11-16 17:00:00+00:00,3188.36382889302,3094.2021682121713,5613.64126178608,2.87,1 days 03:00:00,Closed
2025-11-17 07:00:00+00:00,2025-11-17 14:00:00+00:00,3191.7928742981235,3152.6936976565016,2064.7363816673524,1.15,0 days 07:00:00,Closed
2025-11-18 10:00:00+00:00,2025-11-18 16:00:00+00:00,3058.159237252658,3105.6467916171564,-2996.9517927997454,-1.63,0 days 06:00:00,Closed
2025-11-19 05:00:00+00:00,2025-11-19 07:00:00+00:00,3045.9275320020038,3040.41185,184.03019696660974,0.1,0 days 02:00:00,Closed
2025-11-20 00:00:00+00:00,2025-11-20 08:00:00+00:00,3024.987224,3037.18857,577.1305140524756,0.32,0 days 08:00:00,Closed
2025-11-20 16:00:00+00:00,2025-11-21 02:00:00+00:00,2955.406356,2860.181688,-5913.302899852847,-3.3,0 days 10:00:00,Closed
2025-11-21 15:00:00+00:00,2025-11-22 23:00:00+00:00,2769.700661,2787.1636000000003,953.2408771852082,0.55,1 days 08:00:00,Closed
2025-11-24 00:00:00+00:00,2025-11-24 02:00:00+00:00,2799.7690571897174,2805.591425,-506.48208751756863,-0.29,0 days 02:00:00,Closed
2025-11-24 15:00:00+00:00,2025-11-24 17:00:00+00:00,2830.380631,2858.198069827242,-1846.8229346103371,-1.06,0 days 02:00:00,Closed
2025-11-25 06:00:00+00:00,2025-11-25 09:00:00+00:00,2926.0193445849172,2871.041054,3145.1752250725717,1.8,0 days 03:00:00,Closed
2025-11-25 16:00:00+00:00,2025-11-25 23:00:00+00:00,2895.058257,2967.849378,4257.895621679545,2.43,0 days 07:00:00,Closed
2025-11-26 13:00:00+00:00,2025-11-26 18:00:00+00:00,2900.8800029999998,2984.5143769999995,5022.135643414031,2.8,0 days 05:00:00,Closed
2025-11-27 12:00:00+00:00,2025-11-27 16:00:00+00:00,3024.9961230083377,3010.5356493651084,751.0337868617305,0.4,0 days 04:00:00,Closed
2025-11-27 16:00:00+00:00,2025-11-28 08:00:00+00:00,3010.582904,2999.229961,-845.404732372955,-0.46,0 days 16:00:00,Closed
2025-11-29 04:00:00+00:00,2025-11-29 10:00:00+00:00,3022.4164530000003,2999.39991,-1549.2399627034386,-0.84,0 days 06:00:00,Closed
2025-11-29 23:00:00+00:00,2025-11-30 08:00:00+00:00,2988.6163159999996,3002.638938,710.4028550659882,0.39,0 days 09:00:00,Closed
2025-11-30 08:00:00+00:00,2025-11-30 13:00:00+00:00,3002.6326003792765,3025.4164790466125,-1546.1170623332007,-0.84,0 days 05:00:00,Closed
2025-12-02 06:00:00+00:00,2025-12-02 14:00:00+00:00,2801.135081004963,2843.1340150804203,-2903.1811287489286,-1.58,0 days 08:00:00,Closed
2025-12-03 03:00:00+00:00,2025-12-03 13:00:00+00:00,3028.8689180669335,3080.3116041367816,-3223.791746360782,-1.78,0 days 10:00:00,Closed
2025-12-04 02:00:00+00:00,2025-12-04 15:00:00+00:00,3199.7091204761673,3158.8075938174748,2210.9551666828966,1.2,0 days 13:00:00,Closed
2025-12-04 15:00:00+00:00,2025-12-04 17:00:00+00:00,3143.9429,3166.209852,1116.9422407099664,0.63,0 days 02:00:00,Closed
2025-12-05 06:00:00+00:00,2025-12-05 13:00:00+00:00,3155.74644,3125.56205,-1854.4575064514745,-1.04,0 days 07:00:00,Closed
2025-12-06 02:00:00+00:00,2025-12-07 14:00:00+00:00,3026.437659,3029.280943,24.639825779208422,0.01,1 days 12:00:00,Closed
2025-12-08 03:00:00+00:00,2025-12-08 05:00:00+00:00,3109.2725020000003,3126.66172,848.6495506083157,0.48,0 days 02:00:00,Closed
2025-12-10 08:00:00+00:00,2025-12-10 18:00:00+00:00,3326.637692,3358.452162,1559.2522915843804,0.88,0 days 10:00:00,Closed
2025-12-11 01:00:00+00:00,2025-12-11 03:00:00+00:00,3277.014426493298,3210.7529369999997,3539.723155516846,1.94,0 days 02:00:00,Closed
2025-12-11 21:00:00+00:00,2025-12-12 05:00:00+00:00,3220.825958,3245.0262000000002,1228.7193392133365,0.67,0 days 08:00:00,Closed
2025-12-12 16:00:00+00:00,2025-12-13 07:00:00+00:00,3070.931003,3091.2223550000003,1070.0057269273584,0.58,0 days 15:00:00,Closed
2025-12-13 07:00:00+00:00,2025-12-14 11:00:00+00:00,3091.7638930008393,3107.2474696992235,-1112.4146898872782,-0.58,1 days 04:00:00,Closed
2025-12-15 06:00:00+00:00,2025-12-15 10:00:00+00:00,3119.965709,3151.4942680000004,1714.1058106437586,0.93,0 days 04:00:00,Closed
2025-12-17 14:00:00+00:00,2025-12-17 15:00:00+00:00,2944.112969,2993.041818,2941.115570767824,1.58,0 days 01:00:00,Closed
2025-12-18 04:00:00+00:00,2025-12-18 09:00:00+00:00,2831.419171,2839.5578769999997,391.72186081887526,0.21,0 days 05:00:00,Closed
2025-12-18 17:00:00+00:00,2025-12-19 03:00:00+00:00,2928.243356957735,2835.193073872247,6579.3358824606275,3.1,0 days 10:00:00,Closed
2025-12-19 16:00:00+00:00,2025-12-21 02:00:00+00:00,2962.7152439195324,2968.2554183263537,-555.3682262641187,-0.27,1 days 10:00:00,Closed
2025-12-21 10:00:00+00:00,2025-12-21 19:00:00+00:00,3000.3521759117116,2988.6047208977357,617.5526092089193,0.31,0 days 09:00:00,Closed
2025-12-22 08:00:00+00:00,2025-12-22 12:00:00+00:00,3027.47652259944,3048.4562594945523,-1517.2857462826291,-0.77,0 days 04:00:00,Closed
2025-12-24 23:00:00+00:00,2025-12-25 12:00:00+00:00,2956.740307501554,2924.613811466624,2027.8044139819724,1.01,0 days 13:00:00,Closed
2025-12-25 19:00:00+00:00,2025-12-25 22:00:00+00:00,2958.7773669999997,2944.8662750000003,-1080.5878565823248,-0.55,0 days 03:00:00,Closed
2025-12-26 11:00:00+00:00,2025-12-26 13:00:00+00:00,2971.501183,2970.4086100000004,-228.13567051701978,-0.12,0 days 02:00:00,Closed
2025-12-27 07:00:00+00:00,2025-12-27 23:00:00+00:00,2927.4669375673943,2932.8459030487033,-523.1456011452013,-0.26,0 days 16:00:00,Closed
2025-12-28 12:00:00+00:00,2025-12-28 15:00:00+00:00,2942.0931393769374,2944.888899145528,-341.73130712228726,-0.18,0 days 03:00:00,Closed
2025-12-29 04:00:00+00:00,2025-12-29 09:00:00+00:00,3041.1073850182856,3014.173981,1589.7791405975222,0.81,0 days 05:00:00,Closed
2025-12-29 13:00:00+00:00,2025-12-29 17:00:00+00:00,2928.6755050731363,2935.9696073379014,-645.9288623045136,-0.33,0 days 04:00:00,Closed
2025-12-30 09:00:00+00:00,2025-12-31 05:00:00+00:00,2975.771993672129,2970.3572255779386,204.49133129885965,0.1,0 days 20:00:00,Closed
2025-12-31 12:00:00+00:00,2025-12-31 14:00:00+00:00,2999.4513574898165,2996.488677,37.1041459035997,0.02,0 days 02:00:00,Closed
2026-01-01 03:00:00+00:00,2026-01-01 23:00:00+00:00,2980.2694472646476,2998.2417302111226,-1363.7832202367747,-0.68,0 days 20:00:00,Closed
2026-01-02 12:00:00+00:00,2026-01-02 14:00:00+00:00,3045.775993,3049.942808358653,-421.03076124130877,-0.22,0 days 02:00:00,Closed
2026-01-03 03:00:00+00:00,2026-01-03 07:00:00+00:00,3123.5836268801636,3097.9458247782777,1447.614322483569,0.74,0 days 04:00:00,Closed
2026-01-03 07:00:00+00:00,2026-01-03 22:00:00+00:00,3097.939103,3118.4241920000004,1133.8170243982477,0.58,0 days 15:00:00,Closed
2026-01-04 15:00:00+00:00,2026-01-05 01:00:00+00:00,3136.8907849999996,3154.3484115,934.9264197920942,0.48,0 days 10:00:00,Closed
2026-01-05 13:00:00+00:00,2026-01-05 15:00:00+00:00,3167.9978567555804,3166.369626,-56.91118695241805,-0.03,0 days 02:00:00,Closed
2026-01-06 04:00:00+00:00,2026-01-06 14:00:00+00:00,3222.816112047605,3237.2522445846666,-1058.8528043638664,-0.53,0 days 10:00:00,Closed
2026-01-07 03:00:00+00:00,2026-01-07 13:00:00+00:00,3266.776957364555,3233.305778552918,1899.7874905193164,0.95,0 days 10:00:00,Closed
2026-01-09 06:00:00+00:00,2026-01-09 08:00:00+00:00,3118.4052409999995,3108.8270720000005,-766.3364917078285,-0.39,0 days 02:00:00,Closed
2026-01-09 21:00:00+00:00,2026-01-10 11:00:00+00:00,3073.22169,3101.049406,1627.4826137196817,0.83,0 days 14:00:00,Closed
2026-01-11 23:00:00+00:00,2026-01-12 02:00:00+00:00,3107.3486855381725,3124.412917822942,-1254.2680177518448,-0.63,0 days 03:00:00,Closed
2026-01-12 15:00:00+00:00,2026-01-12 17:00:00+00:00,3102.9488360000005,3130.4151188459377,-1908.1871395857688,-0.97,0 days 02:00:00,Closed
2026-01-13 06:00:00+00:00,2026-01-13 12:00:00+00:00,3131.6192039999996,3131.8301690000003,-143.38590111452908,-0.07,0 days 06:00:00,Closed
2026-01-15 03:00:00+00:00,2026-01-15 09:00:00+00:00,3311.2883642920237,3335.340910523898,-1603.2015630106137,-0.81,0 days 06:00:00,Closed
2026-01-15 22:00:00+00:00,2026-01-16 03:00:00+00:00,3296.853999486036,3303.4084373668234,-542.5005186176439,-0.28,0 days 05:00:00,Closed
2026-01-17 06:00:00+00:00,2026-01-17 15:00:00+00:00,3289.240834840653,3309.7422483902683,-1362.7535280798618,-0.7,0 days 09:00:00,Closed
2026-01-18 04:00:00+00:00,2026-01-18 14:00:00+00:00,3313.486871185042,3325.387600256725,-851.3666890938574,-0.44,0 days 10:00:00,Closed
2026-01-21 19:00:00+00:00,2026-01-22 07:00:00+00:00,2926.7477609999996,3017.024621,5742.460393249254,3.0,0 days 12:00:00,Closed
2026-01-22 07:00:00+00:00,2026-01-22 15:00:00+00:00,3015.8079941489673,2941.2092383291274,4914.430674761659,2.39,0 days 08:00:00,Closed
2026-01-23 04:00:00+00:00,2026-01-23 08:00:00+00:00,2964.068954,2945.9559480000003,-1394.51121350761,-0.69,0 days 04:00:00,Closed
2026-01-23 21:00:00+00:00,2026-01-24 11:00:00+00:00,2939.761664,2959.5318740000002,1187.2251585384279,0.59,0 days 14:00:00,Closed
2026-01-25 07:00:00+00:00,2026-01-25 08:00:00+00:00,2941.977142,2939.321532,20.776580330536746,0.01,0 days 01:00:00,Closed
2026-01-26 07:00:00+00:00,2026-01-26 10:00:00+00:00,2891.7772729999997,2883.514686,-737.3328270363332,-0.37,0 days 03:00:00,Closed
2026-01-29 00:00:00+00:00,2026-01-29 02:00:00+00:00,3008.4567465293653,2992.187387,926.6786325545897,0.46,0 days 02:00:00,Closed
2026-02-01 10:00:00+00:00,2026-02-01 14:00:00+00:00,2427.743093222405,2381.514109460371,3886.162121196904,1.82,0 days 04:00:00,Closed
2026-02-02 15:00:00+00:00,2026-02-02 17:00:00+00:00,2328.288277,2356.3428850000005,2313.520607972888,1.12,0 days 02:00:00,Closed
2026-02-03 00:00:00+00:00,2026-02-03 12:00:00+00:00,2341.389760425266,2297.888438117337,4010.579058916877,1.78,0 days 12:00:00,Closed
2026-02-04 09:00:00+00:00,2026-02-04 15:00:00+00:00,2277.3637432456467,2184.063623409537,8786.173758703566,4.02,0 days 06:00:00,Closed
2026-02-06 14:00:00+00:00,2026-02-06 17:00:00+00:00,1948.7152099999996,2033.8013533272529,-9824.360426061163,-4.45,0 days 03:00:00,Closed
2026-02-07 06:00:00+00:00,2026-02-08 11:00:00+00:00,2078.062405781452,2092.8928991526486,-1941.3432590386199,-0.79,1 days 05:00:00,Closed
2026-02-09 00:00:00+00:00,2026-02-09 02:00:00+00:00,2087.938945976395,2070.460952,1590.9883222971355,0.76,0 days 02:00:00,Closed
2026-02-09 19:00:00+00:00,2026-02-09 22:00:00+00:00,2130.749033,2120.593631,-1172.256745794369,-0.56,0 days 03:00:00,Closed
2026-02-10 07:00:00+00:00,2026-02-11 06:00:00+00:00,2008.2622979999999,1972.718007,-3874.1771556247904,-1.85,0 days 23:00:00,Closed
